3.355	9.419	-0.938510	-0.467196	-0.785643	0.637089	0.904405	0.088315	1.054626	-1.386435	0.075888	1.347953	0.976856	1.436294	-0.590046	0.917190	-0.426776	0.595153	1.310877	-0.794068	-1.855764	1.847565	0.488127	-0.107080	-0.162007	-2.096192	0.208731	-0.530565	0.052475	0.030293	-3.377759	0.489965	0.188969	0.323270	-0.183420	0.048923	0.172808	0.274263	0.475586	0.282763	1.849729	-0.726015	-0.374955	1.692956	-0.154603	0.931638	0.135505	-0.227812	0.986248	0.518423	-1.534010	0.173493	-0.995062	1.271153	1.753590	1.873972	0.357514	-0.461568	0.321758	-0.939725	2.345499	1.194357	0.304526	0.997049	-0.491724	-1.107958	-2.213253	0.083057	-0.208154	0.519289	0.013073	0.473885	0.811083	-1.460181	0.868900	-0.406580	0.517579	1.022227	1.029094	0.129153	0.178476	0.891912	-1.501176	-0.951579	-0.279257	-1.332794	-0.271717	-0.326349	0.087107	-0.056883	1.069349	0.573005	-0.071031	-0.333262	-0.047558	-0.029861	2.518756	-1.457527	-0.926275	-1.072926	0.269272	0.229673	-0.573072	0.896118	0.369657	0.938100	1.203454	-2.131045	0.685617	-1.290060	0.249413	-0.072896	-0.030214	-1.204621	1.030487	-1.290495	0.750534	-1.431890	-0.017856	1.804391	2.361631	-1.618719	-0.704538	-0.522661	2.255054	-0.068327	1.074664	0.299707	-1.199213	-1.859802	-0.613092	2.316873	0.257613	1.054374	-1.418243	-0.325222	0.778844	-1.091167	-0.063967	-0.879766	0.826434	0.398517	0.683385	0.871075	-0.227675	1.003232
4.720	4.176	-1.970953	-0.746356	2.315803	0.610988	0.611347	-0.823896	-1.094210	-0.264360	-0.067128	1.914467	1.018939	0.108928	0.065713	0.758141	-1.318796	-1.921350	0.743388	0.072013	-1.312116	-2.094881	0.893867	-0.521555	0.400261	-0.263760	-0.034239	-0.592251	-0.076510	0.577073	-0.275729	-0.332824	0.607538	0.674180	-1.137490	-0.028909	-0.523763	0.013718	1.433967	0.358967	2.164245	0.219595	-0.166459	-0.019682	0.142630	0.322851	-0.991967	-0.233160	-0.724396	1.029622	-1.925669	0.156903	-1.518170	0.432238	-0.398905	-1.816795	0.942231	-2.516387	-0.031419	0.691191	1.376732	-1.610157	-0.516024	1.083653	1.151241	1.280744	2.561581	-0.508693	0.372382	-0.345865	-1.975114	-0.090003	-1.994364	-0.520829	-1.468158	0.438857	-0.778526	-1.785208	0.865659	-0.603752	-0.432102	-0.977757	1.149076	0.270519	-0.613088	-1.914036	2.510634	1.979367	1.443102	-0.703172	-0.500947	0.400665	-0.893854	-0.989399	1.458559	-0.055140	-1.119869	0.952667	-0.573898	-1.979355	-1.134812	-0.516493	0.219959	0.171738	1.227770	-0.237033	-0.465653	1.245047	0.978700	-0.213458	0.292030	-0.475322	-1.162162	2.197236	-0.541888	0.294993	-1.515347	0.736452	-1.205858	1.677959	1.797410	0.565639	0.114882	-0.187415	-0.047544	0.409235	0.089745	0.981705	-0.918298	1.528082	-0.422659	-0.745879	0.362611	0.426552	-1.736670	-0.481110	-2.172050	-0.675707	-0.632643	0.297461	-0.787796	-0.551048	1.303888	2.064192	-0.920904	1.019257
1.471	2.422	-0.791170	-3.027833	0.323566	-1.076791	0.133927	2.570952	1.593138	-0.767006	-1.008782	1.292982	-1.004801	0.991123	2.735866	0.675418	1.184014	1.068030	-0.557098	0.290191	-0.956436	1.289928	-1.085127	0.700988	1.131718	-0.491642	-0.720996	-0.169693	-0.892432	0.156398	-0.916970	-0.844556	0.546903	0.617558	-0.293514	-1.646424	1.170861	-0.448401	2.062315	-0.132397	0.135777	-0.431751	0.243409	3.476567	-0.348969	1.276329	0.090634	1.173793	-1.931887	1.944888	0.341025	-0.267755	0.903310	0.143910	-1.147876	-2.423280	1.826059	-0.222850	-0.612929	-0.535217	1.464470	-0.490111	0.644366	-0.334630	-1.254809	0.901285	1.103005	-0.679319	-0.037757	0.097009	0.445125	1.971291	-0.323870	-0.330044	-0.175315	-0.942215	-1.722162	0.133763	0.527277	0.002452	-0.062706	-0.898730	0.252402	0.169859	0.474892	0.323676	0.393816	1.318781	0.572197	0.480610	-1.742511	1.053497	-0.297855	0.079211	-1.272902	2.089874	-2.474216	1.488112	0.425161	-1.905294	2.036397	0.513765	-2.358316	-0.422457	0.534515	1.713238	-0.409248	-2.646911	1.459021	0.498202	-2.232554	0.342696	0.448566	-0.324716	-0.827283	-0.609731	-0.325354	0.354720	0.788360	-2.147831	0.255972	0.487946	0.169141	-0.404856	1.419810	1.344403	-0.366213	-0.083078	0.771840	1.282628	-0.815524	-1.046199	0.274162	-1.123579	-1.944997	-0.820376	0.417164	1.553610	-0.708765	-0.124266	0.155545	-0.648599	-0.727164	0.334985	-1.197432	-0.767414
0.171	7.870	-1.515247	-0.130817	-1.290856	-0.684201	0.788627	-0.073846	1.669070	-0.072198	0.968013	0.794775	-0.013220	-1.315653	-0.105126	-0.532771	-0.571419	0.155821	-1.449571	-0.873844	-1.012065	-0.254225	-0.768161	-0.702429	0.135463	-0.445685	0.004806	-1.115698	-0.828422	2.040828	-0.697405	-2.106428	0.342128	-0.707969	0.243847	-0.089535	0.549876	-0.099623	-0.226552	1.147920	-2.218142	-1.325488	-0.825095	-1.692844	-0.479387	-0.578080	0.974700	-0.088272	-0.213011	-0.379839	-1.051996	0.890794	1.210077	-1.212166	1.620056	-0.670983	-0.752517	0.472794	0.562044	-0.071264	-0.346285	1.172353	-0.623299	-0.068769	1.693787	-1.337083	-0.458650	1.025135	0.528000	0.894018	-1.322884	0.321115	-0.285207	2.272417	0.809378	-0.022319	0.285898	0.054288	0.699015	-0.856301	1.365217	-1.324727	0.205044	-0.824280	0.042827	0.988019	-1.712345	-0.169478	-1.439757	-0.279382	-1.442393	0.161786	-0.426170	0.747123	1.228558	0.010648	0.893655	1.382459	-0.922103	1.434986	-0.036939	-0.978377	0.298462	-0.072095	-1.407012	-1.101049	1.637314	0.278575	1.481794	-0.416573	-0.801629	-1.683315	0.967977	0.410632	-0.407545	-0.792660	1.126870	-0.177281	-0.166530	-0.600771	-0.407459	0.550123	-1.416440	0.080737	0.955585	-0.084759	1.054226	1.340599	0.903582	-0.537256	-0.035438	0.345770	-0.469750	-0.503106	-0.563313	2.543561	-0.271091	1.068676	-0.869402	1.701775	-0.378567	0.052977	-1.832723	1.116601	1.333220	-1.187272
9.808	6.061	0.632067	-0.287970	1.336254	0.249191	0.931468	1.237757	-0.291032	-0.028903	-1.111182	-0.300024	1.927073	0.755782	-1.044600	1.631443	0.389003	0.830424	0.490529	0.419758	-1.997714	1.106959	-2.254335	1.015988	0.099567	0.835464	0.158401	1.043752	0.016148	0.280927	0.404760	1.878642	0.600275	-1.316853	-0.563980	0.598004	1.259746	-0.722176	2.239878	0.175604	0.420567	-1.254073	1.115477	-0.445784	-0.745883	-0.317193	1.382778	0.465743	-0.889085	-0.530379	1.409567	-0.236381	0.560413	0.805149	-3.418788	1.264391	-0.852351	-0.360588	1.539319	1.446925	0.492780	0.728439	0.977962	1.430108	1.557419	0.107702	-0.737335	-0.255153	0.127200	-0.053067	-1.012222	0.436794	-1.567788	0.085387	0.149500	0.115241	0.851215	0.718606	2.222678	-0.517712	0.279333	0.215237	0.168186	-1.264854	-1.183476	0.006466	-1.575894	-0.334205	-0.647540	-0.297977	1.132327	-1.078336	0.869799	-0.571288	-0.446753	0.465546	-0.274149	-0.892468	-0.370277	-1.776634	0.381185	-3.101850	0.888020	0.615262	1.601435	2.182077	0.935771	-0.627405	2.172622	-1.193933	-1.902704	1.852464	0.601558	-1.875818	-1.355359	0.551285	-0.869965	-0.726149	1.966422	2.148194	0.146762	-0.150493	0.902455	-0.561607	-2.230525	-2.761530	-0.073598	0.881879	0.016000	0.809961	0.909834	1.386041	0.186265	0.275875	-0.036800	-0.258403	-1.572030	1.171984	-0.383760	-0.441048	-0.541618	-1.340388	-0.085543	0.516425	-0.705288	1.037601
7.837	2.487	1.373698	0.198463	0.863283	0.886860	-0.946110	-0.521914	1.034286	1.835218	0.063286	-0.627190	1.682336	-0.626627	0.328971	-0.427783	0.269073	-0.945452	-0.374661	-0.627297	0.662238	0.163214	0.880201	-0.825760	-0.208451	0.625032	0.858700	-1.445784	0.317796	-0.813250	0.909301	1.860505	-2.611918	-0.655948	0.263771	-0.003844	0.939651	0.079064	-0.529741	-1.020331	-1.188534	-0.742750	-0.565098	0.383752	-0.156727	-0.650894	-1.009316	-0.702628	-0.564033	-0.748126	0.673113	1.368044	-1.176063	1.119254	0.693237	0.179869	1.526664	-0.170268	0.401897	0.123724	0.049352	0.458999	0.046422	0.466118	-0.669820	-0.638580	-0.674359	-0.364798	1.013285	-0.462205	0.652461	0.265446	-0.441422	1.309183	0.736111	0.001782	-0.081139	0.093727	-1.529538	-0.824961	0.462516	-1.582925	-0.747625	-0.392544	2.903655	0.673737	1.097342	-0.805147	0.362056	-1.760175	-0.330615	0.505366	-1.417578	0.393137	0.476071	-0.602503	-0.834805	-0.715242	-0.346949	-0.316774	0.509609	-0.534403	1.602126	1.594874	0.236201	-0.344634	-0.533281	0.316759	0.491715	-0.201004	-0.393130	0.352743	0.069041	-0.572122	0.113040	-0.605269	-0.751659	-0.004977	-0.574669	-0.732999	1.045714	-0.392205	1.843362	0.626639	-0.820703	1.159760	-0.716619	1.973348	0.226193	0.542567	0.030953	0.265883	-0.229110	-0.925808	0.339675	1.024799	-1.190642	1.540474	0.601137	-0.436908	-0.454778	1.864162	0.938725	1.140051	-0.251062	0.555516
4.286	1.562	0.109257	1.110051	1.599592	-0.251497	-1.313056	1.643593	1.656158	0.400387	1.792631	0.327615	-0.909059	-1.312130	-1.321688	0.004557	-0.466246	-0.578856	-0.106907	0.857971	-0.547008	-0.715393	-0.481011	0.920925	-0.070018	0.279908	1.553024	2.843273	0.640387	0.541357	-1.184527	0.368516	0.061995	0.892248	-0.391847	0.200717	0.605232	1.898543	1.563772	1.266072	0.727119	-0.431327	0.726539	-0.772268	-0.206219	1.778369	0.537982	0.227013	0.355711	-0.093828	-2.155818	-1.264387	0.617238	-0.920545	-0.107586	-1.227443	-0.718648	-0.004262	0.923861	1.124327	-0.734637	0.306703	-1.425429	0.056411	0.953318	-0.067047	1.315687	0.836919	0.241325	-0.249705	-0.534330	-1.457967	-1.295157	0.994935	1.513691	-1.081037	0.068187	-1.574473	-0.976784	0.259829	-0.518697	-1.916194	1.718865	-0.049147	-1.104406	0.128034	-0.080867	0.421826	-0.339855	0.314258	0.943636	-1.318184	-0.693254	0.839262	-0.551385	-0.081672	-0.470392	-0.408025	-0.492935	-1.258688	0.459197	1.062303	-0.176491	0.949463	-0.491083	-0.550116	0.410697	0.427375	-0.112759	0.676588	-1.286977	-0.303972	0.964818	0.962126	0.836026	1.020739	-0.372541	-1.705198	-0.258786	0.635996	0.799437	-0.526271	-0.968016	-0.868509	-0.543669	-1.897140	-0.527146	0.047877	-0.097884	-0.330271	-0.689260	-0.572807	-0.555125	0.705480	-0.000929	3.166841	-0.332337	0.437873	-0.310034	-0.334335	1.562372	0.997548	-1.754690	-1.022526	-0.136242	-0.517113
7.129	5.100	-1.878125	0.126753	0.729977	0.872736	-0.144314	1.510816	0.331626	0.845825	-0.736264	1.521635	-0.002958	1.576771	1.358153	0.257638	0.405687	-0.179936	-0.819183	0.595198	0.544042	-1.618673	-0.082779	0.868014	1.465737	0.725317	-1.517267	-1.054444	-0.345997	1.398812	-0.607076	1.058600	-0.623133	0.532618	-0.940028	-0.193813	-1.131612	1.443100	-0.694852	-1.547146	-1.626317	-0.085433	-0.458068	0.648724	-0.235116	1.165966	-0.385416	1.026482	-0.952557	-1.503333	-0.823338	-1.128743	-1.240631	0.413652	-0.264317	0.141775	0.527549	-1.685697	0.569930	-1.205205	-0.576820	-1.892126	0.654580	-1.689063	-1.200109	-1.127581	-0.128760	-0.159269	0.811898	-0.104569	0.965770	0.379324	-0.945479	-0.667194	1.510583	1.227431	0.824079	0.955489	0.465126	0.335107	0.049715	1.698849	-0.464658	0.240300	-1.708270	-1.430717	1.815162	0.616780	-0.212699	0.078325	-1.358122	-0.428120	-1.458137	-0.295305	0.680321	0.453301	1.589119	0.294733	-2.478482	1.950667	-0.840693	0.162103	0.101828	0.240899	0.048059	0.065676	-1.321637	2.586983	0.651436	0.051881	1.841867	-1.071925	0.868390	-0.555166	0.402333	0.424453	-2.336482	-1.431664	1.586439	-0.252165	2.001580	1.310125	-0.220275	-0.308514	1.648416	2.103020	-0.286602	1.538165	1.030019	1.202547	0.101146	-0.672418	-1.054375	-1.304266	1.910889	0.010945	-1.144776	1.002427	-0.478872	-0.650976	2.068010	-1.330703	0.235047	-0.590920	-0.750504	-1.463855
0.346	8.780	-0.873901	0.591378	-0.047007	-0.312625	-0.868544	1.430706	0.735680	-0.681343	-1.359205	-1.887989	1.137353	0.909173	1.046570	-0.120288	0.806012	1.027194	-0.069795	-0.358148	-0.976284	0.426149	0.559214	-0.406535	-0.288742	-0.217295	0.791241	-1.374326	-1.105253	-1.085745	-0.148532	0.315277	-1.068876	0.909006	1.462649	0.413798	1.122790	-0.915172	-0.891360	0.514624	-0.038403	-0.893220	1.425048	0.298790	0.702175	-0.674251	1.679908	-0.155929	1.019057	-0.582828	0.168648	0.557836	1.995407	-0.439727	0.202563	0.591855	-1.414840	-2.174340	-0.995837	0.967180	1.716407	-0.922985	-1.216725	1.534746	-0.565427	-0.371791	1.459134	1.294701	0.934066	-1.711471	-1.258455	1.120508	0.317890	-0.777735	-0.344559	1.110985	1.527610	-0.005973	-0.686918	-0.275493	1.343066	1.323533	0.194255	-0.529490	1.082765	1.622945	-1.453507	-0.232432	1.155959	0.073672	-0.488586	0.185188	0.370704	-1.126837	0.090795	0.367334	-0.490845	-0.779488	-0.537888	-0.970913	0.850621	-0.983640	0.189043	-0.374199	-0.706184	1.371328	-0.130783	-0.669399	-0.765119	0.339065	0.826588	1.270755	-0.167656	-0.227731	0.130954	0.167125	-0.772057	1.462412	0.022222	0.534740	0.424455	0.403933	-1.004097	-0.006400	2.280744	1.587169	0.157008	-0.366864	-2.217780	-0.497336	-0.078419	-0.317316	-0.247682	0.622431	-1.000356	0.272652	-0.110259	-0.882304	1.674105	0.747810	-0.786400	0.517251	-1.389462	-0.663479	1.327570	0.351515
6.585	9.763	0.611278	-0.266052	0.936405	-1.688956	-0.667475	-0.096951	0.547729	-0.324999	-1.784061	-1.924478	-0.068093	-0.477776	-0.909977	-1.077271	0.133776	1.302261	0.133860	1.315603	-0.373992	0.443442	1.352039	-0.157875	0.025972	-0.374484	0.592506	0.902272	0.351280	-0.229442	-1.499724	-0.048430	-0.191954	0.235996	0.116792	1.572408	-0.696410	-1.575263	-1.142535	-0.633623	1.082007	-1.297243	-1.163802	0.413906	0.849306	-1.549239	-1.772055	-0.786537	0.657362	0.143227	-0.749974	0.739430	0.124305	-0.107596	-1.614349	-0.770519	1.956928	-0.336293	-0.956794	-0.382251	0.119085	0.883344	0.621085	-0.676596	1.271577	0.814688	-0.445134	-0.128198	0.600669	1.074703	-1.518668	0.070450	-0.031125	-0.570634	-0.575801	1.054376	0.534678	2.106635	-0.569793	0.137134	0.309700	0.896084	1.358413	0.093612	-1.094775	-0.710878	0.142728	1.122762	-1.446406	-1.170003	0.757153	-1.293627	-1.125023	1.136537	-0.221322	-0.297812	1.368294	-1.062977	-1.263985	1.629213	0.233322	0.679705	-0.311084	-0.106598	-0.703766	0.318120	0.831373	0.195982	1.060907	0.662396	-1.048442	-0.144744	-0.448395	0.753434	0.461587	0.127383	1.013589	-1.865680	-0.603130	-0.518287	0.251734	0.552810	-0.001308	-1.314960	0.406772	0.128062	-1.468714	-0.295402	0.374025	1.653209	-1.089071	0.790120	-1.076474	-1.270608	-1.211591	0.605014	0.129893	-0.314689	0.457832	0.040821	0.110519	-0.303526	-1.027547	1.691307	1.400432	1.590159
6.816	4.434	-0.414445	1.074107	-0.000192	-0.543192	0.363862	-0.736449	-1.355391	0.129235	-0.516073	-0.013700	-2.684860	-0.892078	-0.045057	-1.516391	-1.482389	0.038769	0.701582	-0.891716	-0.262127	-0.239023	-1.562314	1.183886	-0.182957	-0.172240	0.372983	-1.559995	0.919934	1.050611	0.140532	0.462208	-0.326079	0.863294	-0.822940	-0.032398	0.027263	-0.038684	1.069126	2.188205	-0.109837	0.470358	-0.802427	1.031921	-0.517485	3.145128	-1.670740	2.147445	0.991222	-1.122242	2.319448	-0.928410	-0.314331	-1.296593	-0.146452	-0.052697	0.830031	2.438314	-0.512961	-2.752630	0.648498	-0.550311	1.818453	-0.034585	-0.759091	-1.012969	0.622887	-0.275237	1.467707	-0.210589	1.414620	-1.380134	-1.738620	0.829188	-0.464426	-0.263551	-1.012194	-1.085501	0.635667	-0.018847	-1.060201	0.790544	1.174913	-0.108832	1.003200	-1.001805	0.577209	0.161750	-0.791561	2.053059	0.232775	-0.590820	0.019624	-0.869694	-1.156878	-0.449420	-0.381712	-0.804174	1.251113	-0.765777	-0.932229	-1.185720	-1.281983	1.027452	0.258167	0.690328	1.018405	-0.333300	1.472240	-0.626890	-1.095726	0.373617	0.144548	0.142960	1.015321	0.106211	0.313052	1.359603	0.266681	0.494259	-1.417714	3.719151	-1.590842	-0.539329	-0.569567	2.108016	-0.600599	0.441879	-0.562766	-1.040097	0.570355	-0.718966	0.207590	0.626693	1.906755	-1.262175	-0.152815	-0.111469	0.000928	2.568801	-0.173333	-2.520590	-0.198431	-0.118377	-0.241042	-0.718644
6.030	4.683	0.318293	-0.192240	2.127626	-0.868658	0.602408	-1.249061	0.750758	-1.134495	0.470463	1.953236	0.093450	-2.192581	0.035771	0.480452	0.900984	1.473591	1.524571	-0.130940	-0.659439	-1.118511	-0.539950	0.476531	-1.348648	-0.926860	0.562299	-0.646487	0.369986	-0.814310	0.287798	-0.771877	-1.901976	0.955957	-0.695894	-0.248630	-0.691142	0.544478	0.333169	0.542093	-0.549543	-0.049728	0.417032	1.545204	0.306531	-1.003350	0.267894	-0.164998	-1.998734	-1.845157	-0.066490	0.017799	-0.294750	0.884182	-0.935146	-1.386195	-0.825692	-0.609776	-0.058153	-0.797640	-2.141726	-2.569305	0.123159	-1.129022	-2.005355	0.624941	1.545181	-0.094459	0.268440	0.276916	-2.313150	0.888653	1.239882	1.836799	-0.437620	-1.135121	1.358558	0.498910	0.874664	-0.647076	0.271562	-1.053400	-0.005240	-0.347888	2.343554	0.548630	-2.152006	-0.001555	0.368171	-0.473960	-1.102759	0.660516	-0.961387	0.575444	-1.045877	-0.533901	0.956150	0.489174	0.031421	-0.029904	0.090553	-0.791542	-1.516697	0.569173	1.530100	0.604233	0.254172	-1.208524	0.877174	0.481394	0.760147	1.033891	1.586007	-1.114722	-1.288977	0.148154	-0.922518	-1.095704	1.220096	-1.009063	-0.011067	-1.631426	0.063039	1.182818	1.213093	1.044992	-0.078372	1.111505	0.430081	-0.438946	0.381702	0.885674	-1.327718	-1.060417	-0.143613	-1.221758	-1.236029	-0.420587	0.991989	0.973151	0.321080	0.180281	2.087478	-0.539351	0.241074	-0.588988
2.160	7.174	-0.305205	0.694822	-0.246129	1.246637	-0.997237	1.163913	0.894205	-1.794638	-0.516858	1.020829	1.637328	0.715496	-0.396558	-0.968339	0.566654	-0.426021	-0.383561	-0.224157	0.881757	1.806445	1.026879	0.009551	-0.899194	0.667611	1.665443	1.003538	0.207731	-0.489014	0.345172	1.154577	0.232309	-0.103433	-0.687245	2.589427	-0.890931	-0.983357	0.164097	-0.201928	1.023296	1.057112	-1.214296	-0.755564	-0.875412	0.784527	0.428340	-0.371492	0.216399	-1.126261	-0.742553	-1.300020	0.145490	0.141694	-0.984367	0.421209	1.057115	-1.030483	-0.326321	0.513621	-0.006368	-1.372038	-0.440789	-0.473979	-0.170418	-0.127835	1.566007	-0.208504	-1.718082	0.091131	1.747751	-0.167116	-0.438087	-0.305124	0.584145	-0.309375	-1.515610	-0.671777	-0.064691	0.535625	-0.582695	-0.296214	0.044926	-0.777423	-0.091747	0.467212	-1.186497	0.306456	-1.090307	-1.070291	-0.662796	1.365418	-1.715179	-0.463948	-0.026451	1.167177	1.947942	-0.422025	0.539360	-0.094551	-0.100971	0.273270	-1.585464	-0.047884	0.450758	-0.859766	0.457408	-1.728455	0.093567	1.342179	-0.218590	-0.978177	-1.425138	0.390524	0.928016	-0.056094	-0.463691	-1.930908	0.124029	-0.689267	-0.631767	1.616416	-1.801609	-1.667758	0.231326	-0.385311	-0.518801	0.272651	0.255909	-0.973637	-0.591698	0.049558	0.167076	0.483254	-0.583164	0.347049	0.950348	0.046859	-0.102828	-0.235543	-0.617387	-0.937979	-0.298138	0.450799	-0.889155	-0.075400
9.021	9.812	0.722778	0.706564	0.920045	-0.545694	1.376759	0.159172	-0.044665	-1.214729	-0.401614	-1.765939	-0.248184	-0.576301	-0.398351	-1.385956	0.703603	0.592533	1.689779	1.661468	0.156206	1.023403	0.261306	-0.427353	-0.278120	0.638921	4.087923	1.166874	0.246407	0.483792	0.474868	-0.090289	0.756470	-0.155463	-1.011512	0.481662	0.615337	-0.145805	0.309858	0.960890	-0.051810	-0.447004	-0.709316	-0.253785	1.534892	-0.198359	0.359450	-0.324478	-0.410231	-0.879302	0.100274	-0.517086	1.273665	-0.107502	-0.044531	-0.180182	0.371064	1.490910	-1.039776	0.277810	-1.568780	1.223208	-0.108138	-1.494913	-1.275773	0.813890	-1.664632	0.278289	-0.428546	-0.194758	-0.673846	-0.952850	-0.487437	0.571970	-0.292584	0.421233	-0.242240	0.611245	0.414942	-0.540721	-0.953678	0.955653	-0.813389	0.500785	0.031093	-0.463063	0.429467	1.367878	0.625512	0.129290	1.621481	-1.674267	-1.112206	-0.464450	1.419323	0.942838	-1.716286	-0.436375	-1.323827	-0.040451	0.901832	0.975654	0.268009	-0.425020	-0.095400	0.683280	2.347303	-1.185100	1.588849	0.244056	0.820253	0.185166	1.404194	0.329681	-0.648762	0.450114	1.126775	0.000214	-2.074081	-0.114934	0.098050	-0.044928	-0.495478	1.323017	-2.372968	0.093977	0.107982	2.094853	-0.014435	0.445629	0.125013	0.094428	1.762959	-1.111654	-0.667205	0.754172	0.256840	-0.283229	-0.070558	0.913925	0.485090	-0.712963	0.237776	-0.049803	0.470422	-0.321078
4.680	0.325	0.548619	1.415299	-1.316229	-0.070382	-0.230400	-0.396215	-1.541020	-1.066285	0.270521	-0.499749	-0.826410	1.430396	2.373721	-0.056430	-1.502178	0.396404	-2.085371	-1.350168	0.413649	-1.383734	-0.296034	-1.483628	0.056260	1.123240	-0.612849	-0.019416	-0.815846	-0.745789	-0.831371	0.785930	-1.413502	-0.331854	0.409817	0.909798	0.440607	-0.072633	-0.568889	0.925316	-0.867224	-0.852203	1.352499	0.360262	0.395606	0.598549	-0.094855	-1.437693	0.251167	-0.018234	-0.859073	-1.089052	-0.046537	-1.357800	-0.143408	-0.264040	-0.119150	0.402656	0.621955	-0.711497	0.869792	-0.219371	1.753301	-0.585421	-1.611330	0.833642	0.425621	1.201661	0.309644	2.340009	-0.188888	1.046302	-0.525457	0.491777	0.678022	0.832563	0.776327	-3.236735	-0.068677	-0.575108	-0.377885	-0.283410	0.977474	0.202579	-0.507523	-1.468265	1.533058	-0.647318	-0.130706	2.138869	-0.620108	-0.275679	0.232179	-1.605947	-1.721799	-0.481613	-0.447003	0.134226	-0.977994	0.433980	-2.156717	-0.070291	0.360176	0.328444	-0.162776	-0.660339	-0.191870	1.233959	-0.599467	0.978111	1.137245	-1.735892	-0.128151	-0.977742	-1.501834	0.792031	0.473323	0.263459	-1.085497	0.210464	-1.310463	0.077262	-0.661551	1.050791	-0.363145	0.231242	0.233368	-0.075800	0.105332	0.303780	-0.896394	0.402939	0.863864	0.397348	-0.354173	0.174402	-0.363761	-0.118740	-1.187687	1.380066	1.935488	-0.703931	0.786171	1.457868	-0.957627	-2.158433
2.160	1.264	-0.519491	0.047339	-0.369079	2.959458	-0.530708	0.327325	1.292246	1.287427	1.095988	-0.425676	-0.152099	-2.174465	-0.074495	0.032807	0.741723	1.795487	0.711310	1.070645	-0.017466	1.284298	0.011132	1.140606	0.804500	0.392726	-1.540729	1.093347	0.378136	0.702575	0.313541	0.485930	1.300654	-0.473924	0.467639	-0.777435	0.576680	0.251287	-0.630969	0.093664	-0.568709	-0.378001	0.354807	0.268399	-1.920478	0.370489	-0.303333	-0.414308	-1.127155	-0.045391	-0.523018	1.273523	-1.749431	-0.963924	-1.031632	0.258658	1.173128	0.503122	-1.094647	-0.429231	-0.809177	0.507731	-0.449570	-1.412798	0.584707	1.263259	-0.178672	0.120400	-1.506301	-2.059238	-1.849084	-0.044722	-0.307942	0.546233	-0.197653	0.987762	0.872267	-0.322460	-1.003439	-1.916161	1.433569	-0.942526	-1.496434	0.129857	-1.487541	0.128851	-0.336311	0.923679	0.836696	1.103323	0.206262	-0.858340	-1.036886	-0.530697	1.994275	-0.249188	0.161015	1.518596	0.254613	-0.748651	0.730158	-0.428476	0.289125	0.512157	-0.494305	0.186372	1.600046	-0.626535	1.316893	-0.590497	1.802069	-0.855486	-0.393856	1.508256	1.552233	0.818427	-1.081850	0.082409	0.001249	-0.855813	0.696837	-0.776693	-1.290589	-1.620868	1.712295	-0.510483	-0.489505	-1.030670	1.367925	-1.380250	-1.204134	-0.321828	-0.021567	0.658635	-0.675595	1.544334	-0.668788	-1.008581	-1.103775	-0.773891	-1.168542	0.750905	-1.000842	-0.132829	-1.029549	-1.174461
3.243	5.683	1.269001	-1.471336	-1.332587	1.978379	-0.254333	-1.374795	1.082237	0.067385	0.569497	-2.237890	-0.326275	0.948803	-0.640362	1.235000	-1.316755	-0.112580	1.644921	-1.150859	0.271477	0.585100	0.091404	-0.250048	-0.876318	0.196546	-0.102657	-1.436295	1.099847	-0.910051	-1.410316	-0.595682	-0.892720	-0.258241	-1.242451	0.447971	1.381051	0.105865	-1.444286	-0.913220	0.221280	-1.966954	-1.232782	-1.647504	0.115429	2.162179	-1.260988	0.816330	-0.563876	-1.320173	1.564129	2.159844	0.411863	0.362511	0.062271	-0.148246	0.340079	0.676118	1.663341	-0.522733	0.127387	-0.088452	1.024062	2.400081	1.058564	0.798244	0.907874	1.267423	2.414447	-1.685385	0.599595	-2.581210	0.951354	0.551038	-0.546827	-2.670031	-0.014395	0.222842	-0.063108	-0.621428	-0.896789	-0.051785	-0.801877	0.809300	-0.078703	-1.724666	0.176699	0.414191	1.617988	0.928139	-0.898691	1.425826	-1.386032	0.028167	0.754068	1.458695	1.888901	1.274724	-0.136615	0.579672	0.224404	-0.709435	-0.115625	1.797820	0.646162	2.059368	-1.082499	-0.381558	0.415258	0.742358	-0.116784	0.800501	0.792958	-1.387923	0.753442	1.073264	0.296155	-1.839961	-0.276836	0.437940	-0.865705	0.918308	0.729590	0.134487	0.017440	0.192886	-0.004060	-1.285487	-0.430107	0.072476	1.418603	0.692044	1.472318	-1.404955	-0.356177	2.073858	-0.742968	-0.762928	-0.271755	2.018112	-0.671524	0.557484	0.392034	-1.928489	-0.015677	-0.552925
4.864	1.167	-0.344548	-0.344591	2.517828	-0.711542	-1.343002	1.377572	-0.050634	0.283319	2.231506	-1.402979	-0.195462	-1.236269	0.335183	-0.553004	-1.172938	0.732277	0.010329	-1.251632	-1.190363	0.207808	-1.670774	0.227484	1.339557	0.667060	-0.623325	0.274340	-1.251576	0.136284	-0.326850	-1.039351	0.623717	-1.977474	-1.185813	-1.065581	-0.504808	1.299337	0.754260	0.105312	0.058164	-0.011757	1.371825	-1.815688	0.771558	-0.508194	0.502990	0.507776	0.733245	1.583647	-1.371035	1.005445	-0.063855	-0.460856	2.033762	0.701911	-0.417205	0.957312	-0.046058	-0.432885	-0.606087	0.304563	-0.613872	0.155429	0.887016	0.110511	1.976501	0.013206	1.349039	0.976295	1.525301	1.972104	-1.761337	0.265164	-0.111869	0.111433	-0.397400	-0.543457	-1.099588	0.097383	0.934015	-0.493695	-0.328508	-0.698073	-0.994351	-0.236144	0.343216	1.257346	-1.192103	-0.030385	1.178137	-1.178838	1.267016	-0.438954	0.711338	-0.218067	0.458749	1.609040	-0.121414	0.996500	0.274637	-0.786020	-0.145587	-0.208104	-1.411809	0.459038	0.657971	0.812391	1.429790	0.953925	-0.603027	-0.390201	0.838758	0.389708	-0.017826	-0.874721	-0.530717	0.582809	-1.950847	-2.339969	0.693377	-0.533480	0.468537	1.576672	-1.013066	-1.669593	-0.276398	-0.684800	-0.025359	0.538033	0.326694	0.046252	1.058159	0.670700	-0.181399	0.635249	-1.545614	1.063749	0.022190	-1.200679	-0.416638	1.037540	-0.767659	0.410598	0.878777	0.024438
0.802	2.871	-1.274493	-1.409392	-0.488656	-1.107229	-0.046909	-1.269313	0.083419	1.132870	1.195665	-1.245443	-0.666097	0.852765	0.704044	-0.615201	-0.486470	0.082265	-1.833293	0.525331	1.083071	-0.389112	-1.419219	1.412614	0.219429	0.708960	-1.321133	-1.317481	0.414121	1.027565	-1.129238	-0.101802	-1.587223	-0.701561	-0.257024	0.488805	-2.105776	1.320399	-0.170549	1.294387	0.698697	0.852300	2.020296	-0.781615	0.135443	-0.990708	-0.102209	0.720095	1.127336	-0.382260	-1.204786	0.073306	-0.852168	-0.577880	0.671733	0.485630	0.834202	-0.337219	1.008974	0.014349	-0.284155	-1.098803	-2.089935	-1.563928	0.215462	-0.907520	-1.645263	-0.419375	0.279780	0.415069	-0.028870	-0.060861	-0.538410	0.633906	-0.176815	-0.076332	1.037845	0.791900	-0.184865	-0.327057	-0.334838	-2.021266	1.096896	-0.684807	0.854618	0.041588	1.391667	0.529485	0.912123	-0.592078	-1.285409	0.147526	-1.917185	-0.467953	-1.189433	-0.839659	0.595693	0.529966	-0.161960	0.320009	-0.540689	2.426661	0.300837	-0.590322	0.875367	1.240186	-0.774219	-1.418560	-1.220454	-0.669956	-0.054269	-1.629130	-0.418247	-0.207937	0.324860	0.611782	0.401543	1.792173	1.094123	0.221962	-0.970488	-0.675497	-1.428666	0.153345	0.331362	0.892913	0.267318	1.053989	1.074499	-1.028096	-0.518063	-0.011038	-0.706075	-0.243323	0.301259	-0.123076	0.000309	-0.942639	0.506442	0.433262	-0.762500	-1.293227	1.230245	1.748175	0.234710	-0.361685
3.383	7.844	-0.210707	0.968075	-0.809633	-0.690805	0.363632	0.114241	0.637279	1.193331	-1.552449	0.038952	1.901080	-0.596554	-0.714748	-2.240987	0.101748	0.580608	0.578554	-1.037051	-0.008714	0.221546	0.052108	-1.094805	0.077308	-0.814565	-1.871907	0.681306	0.140036	0.591895	-0.534455	0.626542	1.022128	1.753989	0.813855	0.384790	-1.379884	-0.106525	-1.422661	-0.818876	1.955058	-1.023034	-2.342593	0.813166	-0.673067	0.768007	-1.170130	-0.425914	1.195881	-1.322020	-0.169266	0.291304	-0.719235	0.241970	0.015648	0.534543	1.842195	2.675211	0.463329	-0.110394	0.440919	-0.232242	-1.587382	-0.046590	1.082117	-1.464747	-0.984590	-0.581952	0.372344	2.376999	-0.809316	0.091215	0.005779	-0.301246	-0.047703	-0.464737	2.742978	0.749675	-0.456144	1.183582	0.256692	0.057947	-0.182016	-0.250034	-1.219971	-1.673662	0.370740	-0.192082	0.877432	-0.889902	-1.097944	0.776179	-0.295338	0.855734	0.033461	1.877523	0.755741	0.409748	0.799926	-0.272898	-1.642914	0.360928	1.941589	-2.290442	0.469145	-1.535190	-0.023305	0.079459	0.746854	0.210163	1.373519	1.166400	-0.196674	1.094393	-0.312781	-0.484858	-1.204383	1.311964	-0.300025	-2.421504	0.542066	-0.434017	-0.298614	-0.234017	-0.336552	2.727768	1.662706	0.699172	0.241325	1.128761	0.243660	0.815866	0.558222	0.128345	0.940312	-0.420175	0.058453	-0.979437	-0.863972	-2.529151	0.456568	0.731520	1.085420	-1.102427	0.439909	-0.000711
6.820	9.148	-0.336295	-1.553500	-0.716920	0.003098	0.174126	-1.685883	-0.511451	0.160316	1.408043	-0.845013	0.490064	-0.561565	-0.445776	-0.877571	-1.044340	-0.474793	1.048011	-0.754970	-0.910737	0.209128	0.005213	-0.068244	0.253988	-1.009578	-0.898902	0.986251	-0.145931	0.596441	1.224042	0.845743	-1.369788	-0.116499	1.040831	0.522746	0.183941	-1.639550	-0.616519	0.069327	-1.425899	0.793636	-0.117606	-1.979651	-0.566611	-0.286326	-0.129874	1.419621	0.578460	-1.365456	-1.489508	-0.266817	0.126210	0.992384	1.729893	1.784223	-0.442350	0.934551	0.425629	-1.090787	-1.887895	0.144108	-1.495169	-0.851459	-0.684833	0.218751	1.280621	0.012743	-0.538883	-2.068467	0.458374	0.028562	-0.549687	1.166092	-1.190804	-0.684881	-0.245028	-0.562183	0.550754	0.463914	1.050970	0.502320	-0.115374	-0.339818	0.455278	-0.190306	0.047227	0.509683	0.138556	0.308595	-0.790922	1.349706	-1.106673	0.439198	-0.485841	1.082346	0.883741	-0.002050	1.554720	-0.187399	0.881692	-0.726231	0.404974	-0.932460	0.019471	-0.051412	0.878559	-0.670750	3.073350	-1.382087	0.232949	0.287791	0.538094	-0.515393	0.241770	-0.564448	1.873140	-0.635108	-0.148021	-0.663334	-0.800265	-1.401087	0.672067	-0.672818	-0.797150	-0.963169	0.304384	0.021675	0.026258	-0.761360	0.435233	-0.662349	0.070181	-0.139733	-1.688485	2.028784	0.574788	0.180206	0.338036	2.052330	1.136866	0.348764	-0.708309	-0.550541	-1.803256	-0.368282
3.588	3.011	0.616146	-0.515364	0.551044	0.824184	-2.226954	0.304422	2.081051	-0.291465	-2.521820	-0.812659	-1.814539	-0.634360	-1.224066	0.930855	0.778515	0.342988	1.226231	-0.565380	0.073551	2.194412	0.585281	0.582796	-0.767543	-0.416574	-1.002957	1.680913	-1.558211	0.914139	0.581121	-1.603363	1.142407	-0.258699	-1.320887	0.364482	-0.822484	-0.204936	-0.505750	-0.879121	-1.188403	0.796835	0.324876	0.260662	-0.364227	0.051297	-0.736054	-0.753302	1.710239	0.884542	-0.561452	-1.496163	-1.701086	-0.634176	0.107704	0.118368	0.148320	0.334222	-1.038362	1.507752	-0.197386	0.294843	-0.656204	0.311489	2.076973	-0.989335	-1.115594	-0.864535	-0.333154	-0.521401	-1.040661	-0.049662	1.561141	-0.149819	-0.096439	0.342943	0.647665	1.373228	0.240041	-0.002656	-0.991533	0.739961	-0.844516	-0.875499	0.193134	1.541525	0.726457	-0.037533	-0.981590	1.522113	-0.056580	-0.290206	0.555167	-0.448051	-0.753004	-0.657094	-0.659763	-1.127367	-1.238923	0.972030	0.668841	-0.822798	0.888402	0.309313	-0.323794	-1.225831	0.341447	1.865381	0.014572	0.998653	-0.211718	0.921835	-0.150212	-2.405328	-0.721735	0.132261	1.082624	-0.153500	0.029815	-0.587269	1.560927	1.500690	-0.676244	-1.516411	-1.807198	0.603409	0.135221	-0.781795	0.271842	-1.230325	0.794923	-0.382310	-1.081459	-0.367015	-0.401475	0.365058	1.165998	1.114134	0.159632	-0.187191	-0.568644	-1.768020	-0.019214	-0.851011	1.218339	-0.200721
9.350	6.615	-0.675482	0.604790	0.277634	0.322207	-0.093779	0.789390	0.644773	-2.176820	-0.257453	1.014741	-1.019535	-1.692396	-0.138782	0.520736	-0.460481	1.292946	1.843622	-1.925078	-0.383994	-2.281841	0.661009	-0.679856	-0.475805	1.148092	-1.328396	-1.579562	-2.277476	1.270528	1.038219	-0.293888	-1.275245	0.834097	2.754676	-0.235688	-1.202904	1.241693	-1.132488	-0.366675	-2.638710	-0.303273	-1.278287	1.258833	-0.976144	0.779810	-0.104939	0.125364	0.522221	-0.053453	-0.647804	-0.812026	0.508980	-1.901739	1.678164	0.131822	-0.337395	0.266085	-0.594298	-0.178048	-1.131723	0.375086	-0.078456	0.187469	1.483140	-0.804208	-0.128884	-1.651416	0.550032	-0.017485	0.017346	-0.157361	-0.578190	2.496028	0.038217	0.296517	-1.139421	0.885107	-0.123465	0.445813	0.902334	-0.103908	-0.676994	-2.327737	-0.387180	-0.682407	-1.143053	1.453086	0.982766	-1.829839	0.153710	-0.817244	0.366794	-0.799647	-0.538997	0.963039	0.819341	1.509480	-0.217048	-1.455662	0.921294	0.927087	0.628270	-0.743751	-1.070802	0.535964	-0.886153	-0.307973	2.906510	2.128949	0.792690	-0.662267	-0.722325	0.715791	1.496990	-0.511635	-0.456801	0.087712	-1.388966	-1.358390	-1.176006	0.546058	0.271995	1.136950	-1.737196	-1.516913	0.455722	-0.872030	-0.799431	1.012751	-0.552947	-0.435914	-0.250091	-0.189420	0.684936	-1.210004	-0.188116	1.162372	2.132752	-1.356639	0.331006	-0.190112	-0.098794	-0.789582	0.755804	0.704494
6.218	4.850	-1.747910	2.054731	-0.051892	-0.456798	0.188241	-1.394852	0.375860	-0.080262	1.073779	0.857013	0.940333	0.190836	1.604346	0.576253	-0.533121	-0.809224	-0.696531	0.588830	-1.331620	0.155106	-0.832874	-1.253121	-1.091665	-0.023792	0.763775	-0.675936	-2.075977	3.154334	1.117797	0.932279	1.627879	0.092370	-0.135001	1.355791	1.349043	0.615187	0.882498	-1.238772	-0.257470	1.703815	0.804344	-1.462021	-0.531103	1.540957	0.455217	0.181889	0.211961	-0.083561	-0.524243	-0.833589	1.010325	0.237545	0.707053	0.546689	1.408716	0.454643	0.823610	0.167283	-0.947444	-0.225617	0.589919	0.677673	1.451028	-0.459920	0.225998	-0.129155	1.624313	0.376449	0.395594	-0.035660	-0.225069	-1.448670	-1.261202	0.178844	0.054149	0.184423	0.941389	0.092939	-0.348311	-0.209976	0.243907	-0.380002	1.064394	-0.011274	0.251662	-0.816567	1.064876	1.438966	-1.363147	0.400889	-0.107911	0.284036	0.452094	-2.234956	0.759487	1.112398	1.224805	-0.944622	-0.030973	-0.538916	-1.915246	-0.620537	-1.084108	0.334526	-1.631448	-0.979549	-0.519464	0.770160	2.777775	0.303090	-1.032111	-0.679100	0.658058	-1.346004	1.096719	0.273410	-0.125072	-1.684886	0.920387	-0.761624	0.153692	-0.157160	-1.583800	-0.230686	-1.210284	-0.652019	0.432779	0.702460	-0.018247	-0.883943	-0.647411	-0.664773	-2.137064	0.073260	-1.666075	0.076196	-1.459435	-1.206254	0.668616	0.024569	-1.884842	-0.558798	0.261949	-0.619291
7.795	8.967	0.044703	-0.992256	0.022302	-0.287344	1.724118	-0.103083	0.134973	0.259786	-0.322305	-0.719923	0.459768	0.467946	2.082577	0.742415	0.759279	0.717735	-0.690322	-1.257974	-1.003593	0.687972	1.421627	0.734003	-0.166935	1.676675	-0.443654	-1.148153	0.252992	1.291861	-0.843800	-1.704794	0.037704	0.771437	-2.964566	0.977368	-1.366797	0.724830	-1.996701	-1.474852	0.618718	1.215770	-0.009141	2.395344	-1.022596	-1.035368	-0.302216	-0.349808	0.283482	-0.742855	0.567511	0.543609	1.613381	-0.490444	0.336971	0.605842	-0.007229	-0.211666	-2.063760	0.083393	0.595499	-0.057816	-0.782275	-1.679215	0.453058	0.033130	1.389951	-1.449397	-0.470309	-1.321307	1.025319	1.239037	1.922584	0.521425	0.789269	0.436084	0.573106	0.049077	0.618828	2.139993	0.218679	0.024007	0.198075	-0.149092	0.246422	-0.182998	1.143983	1.044060	2.165935	-0.023540	0.288637	0.246973	0.199593	1.129994	-1.624984	0.460709	1.995769	1.362946	1.248567	0.842061	-0.595781	-0.749843	-0.742030	-1.138455	0.946609	1.468363	0.434427	0.804785	0.293469	0.568759	-2.117050	0.314677	-0.425540	-0.040160	0.225765	-0.715601	-1.075610	-0.745950	-1.448335	-1.155207	-1.017891	-1.435083	0.528775	-0.900497	-1.863175	-0.401253	-1.113223	1.459083	0.132914	-1.470480	0.568697	0.084976	-0.238609	1.574619	-0.975521	1.035146	-0.409522	-0.018356	-0.749826	-0.686075	-0.436040	-1.900765	0.346649	0.114894	-1.497707	0.659953
4.942	1.664	-0.784770	1.113413	0.403251	-0.135924	0.814562	0.274110	1.428500	-0.016754	0.426472	1.098061	-2.447829	1.134248	-0.505106	0.499947	1.664127	-0.305899	-0.455518	-0.054743	-1.452290	2.199124	-0.042517	1.645590	-0.333207	0.034006	0.944264	-1.102215	-0.102550	0.906802	-0.213034	-0.483074	1.115228	1.401115	1.560133	-0.674991	-0.579316	-0.471580	0.718521	-1.196798	-1.140336	-0.714338	-0.938223	0.884360	0.816972	-0.481681	-0.193867	-2.539733	-0.457428	1.243954	-0.511820	-1.092510	1.376225	-1.114480	1.546060	2.887912	-0.109377	1.243778	-1.668934	-1.712941	-0.796727	0.822420	0.001744	-0.186402	-1.290836	-0.127350	-0.643612	-0.922496	-1.007362	0.191939	-0.720327	-0.006517	-1.769014	0.503139	0.240713	-0.231369	0.161517	0.934168	-1.448810	0.066696	-1.305139	0.087608	-0.258854	-0.024912	0.848413	0.818510	1.086709	-0.396378	0.703171	0.506638	-0.371209	0.117203	-0.132186	1.394886	0.810216	-0.335865	-0.405443	0.957615	1.339969	0.315535	0.658572	1.303131	-0.174786	0.083471	0.486728	-0.428998	1.699045	-0.438003	0.061286	1.916376	-1.861776	0.215958	-0.660566	0.000169	-1.205880	-0.370879	0.024777	0.238320	0.895645	-2.323840	-0.125869	-0.174692	-0.064278	0.032276	-0.830118	-1.546997	0.217106	-0.994252	0.402741	-0.937202	0.692722	-0.054456	0.014958	-0.246345	-0.406689	-0.232983	1.181650	-1.534373	-0.648136	1.056661	0.819773	1.343530	-0.059242	-1.318291	-1.107842	-0.298711
1.813	1.537	-0.331682	0.396935	0.027721	-0.440588	-1.001513	0.946953	1.047813	-1.057687	-0.402610	0.666973	-1.137662	0.365177	-0.326492	-1.216757	1.777342	-0.341434	0.524307	-1.121172	1.552340	1.947386	-1.502179	-0.164560	1.327889	-0.468432	0.409299	-1.680346	-0.788302	0.305044	-0.589462	-0.360535	-1.515574	0.654066	-1.339578	1.540693	-0.682692	0.800703	0.702204	-0.985078	-0.575757	-0.457438	-0.389653	-1.297668	0.533869	-0.688748	-0.114174	1.006353	0.571797	-0.621306	1.040932	0.665540	-0.705845	-0.514048	1.000504	0.778676	-1.502565	-1.005593	0.695379	-1.174375	0.804938	1.935787	0.373290	-0.922988	0.176506	1.034613	0.098910	0.483836	-0.799413	-0.723670	0.906057	-0.712062	-2.586203	-0.306333	0.314196	1.058511	1.645776	0.084700	0.658617	0.120626	0.354070	-0.186860	0.386441	-0.729923	1.980086	-2.391228	0.570887	0.319548	0.371282	-1.182817	-1.678146	0.605775	1.341001	0.220229	0.805270	-0.458145	0.331574	1.225660	-0.313547	1.185718	-1.634572	-0.613003	0.545916	1.902811	0.014274	-1.033918	1.880079	-0.126142	0.664779	-0.334425	0.142276	-0.562117	2.257644	1.191232	1.768123	-0.788462	-1.825023	-0.292954	2.516472	-0.321873	1.051788	-1.024844	-0.829007	-0.079792	2.109694	1.100233	-2.053187	0.666731	-1.148735	-0.681562	0.510390	1.398436	1.349266	0.331567	0.345617	1.346212	-1.575544	1.827355	-0.735982	0.260614	-0.496253	-1.156009	0.461590	0.236536	-0.105393	-0.152666
9.666	9.880	1.252903	0.277409	-1.637267	0.627156	0.671390	0.771333	-1.140981	0.850064	1.561586	-0.982622	0.684657	-0.811777	-0.104270	-0.948691	-0.350712	-0.342959	0.412275	0.890358	1.216178	-0.651966	0.359869	-1.098164	-0.110688	0.042741	-0.922537	0.559106	-0.155755	0.154369	1.224509	-0.427677	0.850198	1.442878	1.381604	-0.188135	-0.972662	-0.709932	-1.586683	0.686019	0.748086	0.117399	-1.376136	-0.365284	1.380259	0.609664	0.783048	3.308059	0.328075	-2.158654	-1.101100	0.305556	0.018739	-0.171988	-0.154432	-0.784435	0.373814	1.394361	1.732339	1.703983	-0.955967	-0.020175	-0.313840	0.591973	-0.082696	-0.225627	1.454579	0.098378	0.124184	0.413238	0.676194	0.681956	1.552137	-1.285616	0.324462	-0.102379	-0.300879	0.757781	1.296543	-0.591759	1.686938	-1.431648	0.590261	-0.890686	-0.641772	0.060080	-0.398823	-2.863277	0.611470	0.779761	-0.161063	-0.239639	-0.372890	-1.711465	-1.817288	0.803632	1.064701	0.596830	0.379254	0.782720	0.716110	-0.785155	0.222461	-0.296073	-0.282863	1.140205	1.574661	-2.346342	-0.255074	-0.307437	1.161472	-1.450376	-2.989578	0.820935	0.962934	-1.784004	-0.124402	1.530181	-1.078044	0.101052	0.507962	-1.427632	-0.563842	-1.690836	-0.164532	-0.790993	0.207686	0.634825	1.388629	2.332281	0.207700	-0.316570	-0.374665	-0.964866	0.448155	-0.494874	0.518052	-0.933027	-0.466077	0.432353	-0.124905	-1.920321	-0.015193	-0.801774	1.181430	0.971111
4.657	4.683	0.389300	-1.484043	0.878323	-1.279885	1.145378	-0.646188	-1.518047	2.120748	-1.546329	-0.806024	-0.609920	-0.455668	0.698781	0.057912	1.004303	0.371917	-1.673000	0.549857	0.233807	-0.624629	2.073725	0.608348	0.941727	0.976573	-0.420054	0.633385	0.316027	-0.557025	-1.221583	0.024232	0.586929	0.016243	-0.182311	0.027358	-0.286979	1.549319	0.270241	-0.486463	-1.808026	-0.197209	-0.576824	-0.613961	0.942611	0.079736	-1.682445	0.618832	-1.582037	0.693320	-0.475075	0.086907	-0.024907	-0.148127	0.209524	0.081884	1.869729	0.223948	0.247186	-0.709521	0.380895	-1.023591	1.150128	-1.484348	-0.843659	-1.629133	0.419644	-0.423873	0.685927	-0.975591	0.531475	0.579837	0.211798	0.030873	0.137199	-0.910693	-1.075270	0.543873	-0.368691	0.453392	1.550988	-0.457158	-0.600090	-0.324283	0.038971	0.614139	-0.028387	2.078547	0.420850	0.780824	-0.036860	1.011831	-0.205273	-0.644224	0.905345	-0.057289	0.245265	0.981883	0.138983	-0.149249	-0.535396	1.061681	-0.341726	-0.051100	0.286908	0.282785	1.013700	-0.069819	1.376385	-0.248757	0.370762	-0.183774	2.093140	-0.350637	-0.260199	0.114741	-0.266773	0.314488	1.229088	0.147304	0.184270	-0.229150	-0.505074	0.096530	0.007599	1.173262	-0.959078	1.454535	-0.146815	0.148535	-1.064837	0.561937	-0.960476	0.373390	0.275699	-0.325621	-2.065274	2.160625	-1.054191	0.272747	-0.729806	1.048003	-0.379486	-0.751975	0.595157	-1.271957
7.770	0.408	1.506843	-0.962412	-0.611559	0.352138	-1.997423	1.357624	-0.999497	-0.437410	0.260844	0.051237	-0.963616	1.721459	-2.575132	-1.122008	-0.636775	-0.949705	1.219554	-1.658344	1.557463	-0.278134	-1.360943	-2.100904	-0.215131	-0.701970	0.236495	-0.450572	0.955803	-0.142491	-0.423908	0.973254	0.228170	0.774632	1.148661	-0.293800	0.038248	0.843804	-2.450656	-0.101767	-0.224867	0.374052	-0.801110	1.095447	-0.737763	-0.459017	-0.664410	1.229882	-2.085577	1.786880	1.473371	-0.564865	1.026924	0.130090	1.652911	0.950654	2.193145	-1.562147	0.191345	-1.724103	-0.518714	2.249653	0.468200	0.984541	0.513939	0.450462	-0.522348	-0.708642	-0.549158	-2.730394	-0.082039	0.239850	-0.619220	-0.130682	0.525049	0.884802	-1.197810	-0.794776	0.752959	0.589007	1.344399	1.302925	2.414873	-0.292766	1.578564	-0.920015	2.394053	0.454697	0.542020	0.989926	-1.355363	-1.074755	0.115674	0.345720	2.082554	-0.949200	1.540193	-0.265589	-0.279524	-0.163843	-0.305277	0.486538	-0.394943	-1.410457	-0.267809	0.456639	-1.402328	0.581830	1.180520	1.479931	0.337664	-1.804651	0.647620	0.967171	-0.696534	-0.072683	0.483599	1.787260	-0.255850	0.891256	0.316298	0.199428	1.330469	-0.831422	0.230406	0.027185	-1.506920	1.232583	0.829017	0.033879	-0.261379	0.000222	0.707372	0.052895	-0.667500	-0.517080	-0.012124	-0.932593	0.333324	-0.793016	-0.954338	3.193132	1.939851	0.143945	0.851016	1.020948
6.334	7.691	-0.262170	1.255670	1.269433	1.561919	0.265999	2.167805	-0.076351	2.046930	-0.463300	-1.297440	2.027808	0.660377	0.519123	-0.360485	-0.845149	-0.750252	0.138547	-0.150201	-1.940580	1.693759	-0.419711	1.238409	-0.705648	0.154843	0.972311	0.834346	-0.267961	0.509294	0.675947	-0.147930	-1.113718	-0.624567	-0.379229	0.026059	1.592380	0.907482	-0.816064	1.836522	-0.078830	0.672286	-0.938987	-0.452237	1.037938	-0.878872	0.055171	0.470911	-1.022937	-1.777532	0.907384	2.863383	0.458866	0.650747	-0.884072	1.469675	-0.376766	1.163717	0.607298	0.631697	0.593306	0.561435	0.283390	0.969263	-0.726049	-0.238820	1.468088	0.172906	-0.325940	1.034869	0.837431	-1.299819	0.729932	0.137338	0.711902	0.010705	0.464301	-1.830999	-0.894935	0.740101	2.621436	0.367275	-0.692805	0.135410	-0.893424	1.249823	0.048080	1.053208	-0.153455	1.141961	-1.623595	0.024478	0.539589	-0.268351	0.359510	0.342544	1.048833	0.621526	0.392928	0.879464	-1.353052	-0.752410	-1.385259	0.548602	0.413814	1.385295	0.351666	-0.631701	0.134001	-1.875421	-0.408226	-2.347103	0.328521	-0.279298	-0.132276	-0.931584	-0.668857	0.692616	-1.436070	0.505688	-0.811222	-1.681003	1.226344	1.329181	-0.539468	-0.549275	-0.250875	-0.810065	-0.633847	0.450061	2.073894	-0.354710	1.023104	0.352892	-1.672235	-0.024436	-0.150052	1.464538	1.505153	0.376800	1.214259	-0.146360	1.119356	0.100337	1.097675	1.199410
6.715	3.206	-0.420544	0.752255	0.893460	0.158390	-0.312291	0.191389	-0.278476	-0.272911	1.960033	-0.475487	0.507788	0.152924	-1.226547	-1.261018	-0.081117	-1.952695	1.830406	-0.361615	-0.443192	1.223064	-0.140719	0.651043	-0.572585	0.045433	0.968478	-0.861813	0.527735	-2.416512	1.265505	-0.556416	-0.085657	-0.097954	-0.974857	-1.051630	0.521345	0.568335	-0.885273	0.541064	0.557894	-0.378219	-1.293495	-0.037543	0.365082	-0.058865	-0.592494	0.466969	1.265325	-0.770297	-0.298008	2.743143	0.290868	-1.266807	-0.477583	-0.756921	0.380393	0.307727	-0.636487	1.856311	0.085133	-0.455730	-1.221122	-0.894765	-1.246024	-0.190568	-0.884964	0.783984	-0.584432	0.840201	0.491467	0.645508	0.896749	1.993323	-0.848997	0.845999	0.398119	1.063280	0.110798	1.176011	-1.291603	-1.004309	-0.569210	-0.074750	0.046356	-0.740027	-0.990872	-0.655290	-1.709307	-0.288135	-0.058406	0.441036	0.166872	1.793398	0.812373	0.737313	0.364702	0.535725	-0.220740	0.099622	1.921557	-0.070055	-1.331865	0.696808	0.875209	0.154523	-1.878345	1.286606	0.229907	-0.310258	1.188059	-2.024638	0.111861	-0.540793	1.492146	0.242883	-0.864655	1.138235	-2.459032	0.507902	-1.263292	-0.462438	-0.240677	0.910112	2.203411	-1.779553	0.446304	2.202456	-0.572930	-0.634999	0.235946	0.828835	0.657598	-0.358702	-0.802537	1.316130	-0.774571	-1.916185	-1.453396	-0.576140	1.492506	-1.188362	1.521918	1.306819	0.225231	-2.549094
1.812	7.847	1.730702	-0.569168	-0.772932	0.188302	-1.409526	-0.024621	-0.798557	2.687750	-0.917624	1.929935	-1.140167	0.262775	0.500314	0.141765	0.080401	0.861457	0.417368	-0.172902	-0.674433	-0.165743	-0.178088	-0.197765	0.076200	-1.409322	-1.027579	0.831774	-2.250418	1.197032	-0.558921	1.669472	1.226216	-0.327400	-0.223716	1.593261	1.273234	0.972740	1.144191	-1.087522	0.205297	-0.770377	-1.113230	0.163888	-0.413843	-0.166250	-0.500035	-1.254477	1.696793	0.155827	-1.442194	0.181971	1.521390	0.958727	-0.518722	-0.494707	-0.957076	-0.742254	-0.660886	-1.468272	-0.443980	0.343979	-0.413997	0.217353	1.621933	1.835665	-0.067927	0.880182	-0.166646	-0.487874	-1.116825	0.086612	1.084382	-1.274420	-0.287094	-0.335342	0.246879	0.262766	0.537236	1.896982	-0.870496	-0.925452	0.247366	1.452724	-1.462378	0.331372	-0.201339	0.854288	0.628190	0.048517	0.487523	-0.658278	0.800224	1.386524	0.100161	-0.407953	-0.145152	0.789707	-0.041866	-1.199643	0.952105	-0.982836	0.424494	-1.866362	0.108151	-0.068296	-1.967067	0.332815	-1.101360	0.084752	-0.411734	-1.480556	-1.045726	-0.965694	0.982413	0.835816	2.194501	-0.511876	-0.544066	0.134873	-0.355267	-0.582563	0.054425	0.703609	-2.112141	-0.572201	-1.402793	-0.153831	0.432630	1.116942	-0.433746	0.106273	-1.682125	-0.860466	0.207142	-1.359014	1.237012	0.523516	-0.904582	-1.482164	-0.719297	-0.899320	-1.216998	-1.406810	-0.230400	0.732261
6.916	9.053	-0.327743	0.612317	-0.786478	0.280991	0.120131	1.362319	0.558743	0.256007	-1.469888	-0.525248	-0.800398	-0.822205	0.015507	0.240821	0.279941	1.261444	0.483549	-1.227851	0.202541	0.584377	1.262189	-0.154192	-0.144468	1.078897	0.178583	-1.598408	-1.812872	1.840777	-1.713728	-0.167212	0.883117	-1.764607	-1.081561	-1.246741	1.801126	2.018154	-0.734172	0.579498	0.308062	-0.280793	-1.626776	2.307464	-1.816014	0.212105	-0.647598	1.008061	0.845947	-0.978813	-0.790127	-1.550151	0.194801	0.710877	-0.441664	-0.244804	1.907847	0.936238	1.347765	-2.242045	0.547192	0.251372	-1.251985	-1.043898	-0.218436	-1.341996	-0.798700	-0.461593	0.573519	-0.706806	-0.447237	1.024335	-1.764259	0.227286	0.389404	0.416829	-0.501355	-1.064863	1.519515	-0.856495	-1.117030	0.020201	-0.739122	1.050804	-0.265175	1.180474	0.448775	-0.388211	1.114017	-0.650837	-0.320143	0.529159	0.226625	-0.673687	-1.536350	-0.018644	-0.727118	0.029646	-0.420974	-0.717568	-0.268156	-0.073424	0.695010	0.423189	2.094423	0.141436	-0.672931	-0.166295	0.568323	1.003426	1.341470	-1.017004	1.280674	-0.046021	-0.926951	-0.203778	1.210755	0.457276	-1.212043	-1.204543	-1.232295	-0.731538	0.077450	-1.126181	-0.428326	1.402036	1.617808	1.550473	-1.794904	1.673722	0.091697	0.077970	1.028903	0.703459	-1.868678	-0.612466	-0.366069	-1.330266	0.997157	1.438930	-0.010562	0.298593	-0.011282	0.099153	1.117682	-1.765499
1.797	0.012	-0.713472	-0.503353	1.832370	-1.327501	-0.168557	1.629487	-1.270130	-0.456165	0.042309	0.412660	-0.080312	-0.895364	0.447403	-0.100603	0.627756	0.923694	-1.486240	1.033130	-0.254629	0.825211	0.493872	1.854082	0.006254	-0.403316	-0.512966	-1.037094	0.808102	-1.101419	0.799328	-0.223497	-1.763225	1.488272	-3.375819	-0.081759	0.233959	-2.306048	0.441254	-0.669788	-0.248519	1.343011	0.142720	-0.350563	-0.170460	1.776103	0.404613	-0.883763	-0.488317	-1.190071	-0.451710	1.607894	-0.166334	-1.337013	0.430927	-0.392578	0.561410	-0.242399	1.445270	-0.910646	-1.165162	0.937600	-2.003556	-0.171933	0.800614	-2.194396	0.064643	-1.495949	-1.844844	-1.065941	-0.183392	-0.705876	1.107067	0.082386	-0.488956	-1.309904	0.224109	2.058899	-0.702916	-0.585552	-1.060715	1.184179	0.927006	-0.446271	-0.599044	-0.943853	-0.289312	1.019879	0.041525	1.287647	-0.720161	-2.312717	2.605335	0.214583	0.778526	-0.787515	-1.362543	0.154748	-1.991690	-0.267061	1.022311	0.448471	0.254902	1.743739	0.375342	-1.904426	-0.149070	1.925318	-0.309437	1.864096	1.023644	-0.408476	-1.080496	0.339894	1.270500	-1.578638	0.120387	-2.041388	-0.339591	-1.654733	0.562236	-0.688998	1.158036	-0.540492	-0.631572	-1.615166	0.391050	0.492101	0.939744	0.655201	0.401270	0.595851	0.696831	0.907657	-1.527572	-0.461818	-1.623057	0.332134	1.629960	0.896341	-0.607053	0.505414	0.348940	0.233130	-1.303346	1.315136
6.237	6.663	0.959142	-0.373416	0.079302	0.119606	0.065913	0.115055	0.213919	0.074703	-0.895488	-1.550042	0.998129	1.043779	0.337473	0.329123	-0.915188	-2.438585	-0.248688	-1.897352	0.184400	1.304239	-0.616139	-0.558695	-1.005828	0.044252	-0.033230	-1.019131	0.912575	2.702370	1.189859	-0.110604	-0.122543	-0.513559	-0.534173	0.958157	1.001707	-1.169530	0.366315	1.111125	-0.350182	-0.211534	0.695983	0.724418	0.429058	0.254229	0.388588	-0.277717	-1.117716	-1.556614	0.595561	0.108197	0.455520	-0.828879	0.102586	0.078640	1.279007	0.851755	-0.739960	0.504553	-0.746891	-2.612980	1.725951	-0.374930	1.039463	-0.661343	-0.807348	-0.546593	0.252649	0.176147	0.497697	-0.496369	0.040427	-0.843171	1.469298	-1.314001	-0.821971	-0.423424	2.388932	0.766831	-0.853579	0.822191	0.515830	0.273744	0.695814	0.058072	0.170798	-1.552927	1.443099	-0.447505	-1.237226	-0.504324	-0.464054	-0.801235	0.777650	0.974193	-1.959199	-0.514776	-0.443105	-0.172145	1.706317	-0.813579	1.562412	-0.146210	1.571728	-0.310957	-0.428082	-0.022637	1.292251	0.158316	0.209252	0.636698	-0.879723	0.336688	-0.628148	1.471265	0.418662	0.692726	-2.039327	0.706732	-0.177541	-1.437158	0.094979	-1.518288	0.611029	1.433971	-1.790569	-0.029982	-0.164891	-1.989571	0.916504	0.625710	2.026088	0.496167	-0.879000	0.514336	1.284807	-0.464870	0.852414	-2.354909	1.475067	0.800388	-2.544369	0.382656	-1.986503	-0.611085
1.924	2.889	1.256613	0.063735	-0.037450	1.098495	-0.337597	-0.025166	0.106669	-0.067501	1.160218	-0.666802	-0.830306	-1.061680	-2.141832	1.483742	-0.900787	-0.238595	1.557986	-0.141887	0.514404	-1.420593	1.398354	-0.121598	-1.018294	-1.019024	1.689976	-0.586177	-0.996594	-0.433069	0.045372	0.151819	0.444358	0.234761	0.647139	-0.272747	2.072179	-0.488440	1.352394	-0.599012	-1.427767	-1.667089	0.303951	1.161959	-1.151021	-0.877494	0.386128	-0.002542	-0.585647	-1.279262	0.309076	0.652931	0.491749	0.026514	-1.055705	0.314555	0.239828	-1.313215	-0.302342	0.366430	-0.078240	-1.960534	-0.640354	-0.706877	0.559294	2.598383	0.133965	-1.197967	-0.160506	0.010635	0.756595	1.242122	1.391018	0.537229	-0.000793	1.483402	-0.347502	0.054480	-0.243437	-2.131292	1.271757	0.675519	-2.370010	1.001754	-0.303437	0.988546	0.075790	-1.357339	0.026354	-0.898452	-1.222885	0.867029	0.391546	1.497569	-0.394385	-0.962903	0.638804	-0.833682	-0.310195	0.525095	-0.125946	-0.488731	-1.402662	0.936891	-0.368427	0.618093	0.485993	1.091287	-0.235568	-0.347719	-1.108268	-0.542651	0.341163	-0.817054	0.315787	1.467292	-0.445212	-1.314370	-0.413401	-1.422660	1.334224	0.084851	-0.728454	-0.559856	-1.182113	1.011140	1.837196	-1.494093	1.043261	-0.245851	1.267490	-1.833828	0.225395	-0.407899	0.659089	0.061142	0.022256	-0.105987	1.562299	-0.174974	0.864283	0.628513	0.888809	-1.014750	0.707173	0.336869
3.258	2.642	2.294280	-0.391806	-0.367650	0.450710	-0.540871	0.140453	-0.448909	0.402386	-0.061887	1.951993	0.046007	-0.222611	1.029436	-1.391084	1.691723	-0.988481	1.192448	1.456610	-0.525806	-0.429713	-0.109178	0.621546	-0.998058	-0.109226	-0.313425	-1.151312	-1.045004	0.128247	0.110525	-0.763977	0.079242	-0.646953	1.307091	-0.102982	1.097535	-1.692690	0.322766	0.596079	-0.137883	-0.538853	-0.153884	0.742465	-1.210533	0.700490	0.318366	-0.260792	-0.218063	0.061860	1.658620	0.348002	-0.942692	-0.435298	-1.144578	-1.889788	-1.162138	0.120076	1.273957	0.995773	-1.155261	-0.797650	-0.938684	-2.581609	-0.167641	0.803255	-0.252390	-1.267817	-0.845148	-0.328847	0.770220	-0.182818	0.634909	-0.081341	0.236789	-0.940169	-0.685845	-1.255810	0.601655	-0.291185	-3.597631	0.481154	0.974141	-0.811711	0.480285	-0.209728	-2.117820	1.952968	-0.203720	0.201416	-0.624591	-0.295530	0.161662	-1.042540	1.693965	0.838147	0.516829	-0.141782	-0.761219	1.030090	0.610693	-0.399422	-1.084522	-1.575903	0.028572	-0.248924	1.185625	0.992205	0.038894	-0.081120	-1.152087	1.060978	-0.056730	0.605281	1.176804	-0.565608	-0.827916	2.468706	0.594469	-0.278598	1.239896	-0.308257	0.325485	-0.568233	-0.016971	-0.274070	-0.751881	0.242862	-0.638595	0.575987	-0.304544	-1.720100	0.620848	0.637597	2.253552	0.017722	0.183322	0.478590	1.019702	0.957199	0.318785	-0.032975	0.842662	-0.074599	-1.289168	-1.501225
4.082	5.081	2.472029	-0.120026	0.046601	-0.404333	0.618806	0.280343	-0.638337	-1.011461	-0.402367	-0.843371	-0.231161	0.141480	-0.501194	1.454499	1.159395	-0.229558	-0.964166	-0.029794	-0.133718	-0.062782	-0.398025	-1.049396	0.034890	-0.350865	-0.261935	0.093961	-0.069358	0.072220	-0.397184	0.360145	-0.717799	-1.087942	-0.889979	-0.676690	-1.287802	-1.692707	0.503461	1.274243	0.557704	-0.483097	-1.716436	0.191944	-1.607307	-0.086659	-0.799580	-2.280595	1.480534	-1.255804	-0.355791	-0.128971	-0.470451	0.464580	-0.740970	0.381908	0.318505	-1.377752	0.235841	-1.053972	-1.165641	0.290563	-0.408354	0.372938	0.381738	-1.428005	0.740618	0.285016	-0.586638	-0.135874	0.769143	-0.319611	2.115259	1.490693	0.116784	-0.227987	-0.184673	-0.600653	0.125222	0.687547	-1.349478	0.642779	0.933551	0.572177	-0.129945	0.530631	1.299281	-0.058194	0.023610	2.132545	0.307244	-1.007294	0.872971	0.401942	-0.655417	-1.103952	0.238598	-0.060101	-1.244250	-0.088474	-0.151439	-0.062414	0.491590	-1.761894	-1.112129	-0.486945	1.326179	2.367782	0.004843	0.045545	-2.443365	0.904462	0.449644	0.283136	-1.246213	1.979888	1.520543	0.294354	0.991995	0.051110	0.821077	-1.307252	-2.273709	-1.269492	-0.806483	-0.643563	0.448113	-0.257338	-0.028664	-1.184610	-1.271166	0.041103	-0.542105	0.004565	0.544399	1.639486	-0.020452	1.813344	0.406275	0.689503	1.053085	0.719747	-0.801707	1.083055	-0.374083	0.301689
7.802	6.903	0.393067	-1.386161	2.091657	0.834934	-0.550493	-1.137299	0.949269	-1.019066	0.800717	1.069083	-0.649768	-0.738987	-0.470217	-0.988880	0.229569	0.372279	0.727492	-0.833324	0.839959	-0.987676	0.839392	-1.486659	1.567740	-0.521516	0.599089	0.678462	-1.269534	0.835133	-0.550748	-0.306074	-0.670222	1.613794	-1.169975	0.430288	-0.623661	1.091072	2.321354	-0.630345	0.140059	-0.385202	1.038071	-0.248702	0.905522	-0.397731	2.243737	-2.191524	0.376866	-0.010541	-0.046735	0.285394	0.058434	0.219038	0.408101	1.748981	-2.765580	1.847080	2.559798	-1.751079	0.047856	1.371293	0.918533	1.676210	0.371943	-2.032793	1.304629	0.635476	1.466344	-1.533990	-1.215990	0.016456	1.333094	1.611589	-0.725746	-0.406439	2.871961	-0.552779	0.675348	-0.451843	0.474759	-0.866333	-0.837836	-0.370783	-0.545217	-0.304117	0.525851	1.890378	-0.590505	-0.988466	0.009509	-0.851346	-1.635133	1.064266	0.080506	0.178493	-1.927164	-0.584762	-1.415877	-0.020470	0.134325	0.133599	-0.666946	-0.852971	-0.193216	0.357012	-0.579215	-0.937406	-0.894713	-0.658429	-0.452649	-1.098181	-0.445511	1.236134	-0.294506	-1.238850	-2.258493	1.836387	1.139320	0.284605	1.162703	0.527596	-0.075670	-1.240188	1.908634	-0.437041	-0.382390	0.037457	0.054621	0.574707	0.459588	-0.576864	0.025887	0.543078	-0.661991	1.446655	-0.020252	1.598476	-1.392136	0.654629	-0.890370	-0.634472	0.904851	-0.228477	2.597412	0.518028
1.829	2.804	-0.237200	0.832051	-0.296187	0.406677	0.198432	0.078429	1.041798	-1.803253	0.097511	-0.701174	-1.348651	-0.837807	-0.619754	-0.235337	0.337329	0.542293	-0.409068	1.584623	-0.371330	-1.946457	-0.344591	0.047160	-3.272967	1.207336	-0.099077	-1.152396	-0.960130	0.761725	0.883921	-0.648766	-1.355292	0.130881	0.314410	0.565269	-0.563127	-0.122099	0.020143	0.966812	1.329304	1.600690	1.302481	1.813461	1.013161	-0.589353	1.533509	-1.376420	2.364465	-0.975235	0.887648	1.444254	0.459290	-2.050352	-0.947944	0.356814	0.635621	-0.178792	0.074335	-1.468902	1.774352	-0.377934	0.788759	1.403562	-1.155043	0.128015	0.277992	-0.258051	0.927355	-0.667244	0.054978	-0.370895	2.325543	-0.662800	0.744946	1.796641	-0.918365	0.095333	-0.986413	-2.012920	-0.785017	-0.570363	-0.510928	-0.299643	0.006127	-1.196802	0.351620	1.213332	1.330645	-0.260174	0.893888	-0.681000	-0.343364	0.398525	-0.334712	-1.263906	0.833255	-0.828604	-0.519976	1.058223	0.537125	0.176111	-1.469307	-1.163300	0.397324	0.630032	0.253019	-0.473740	-0.506605	0.215831	-1.251772	0.091689	-1.388770	-1.052628	0.178214	0.583232	0.341800	-1.114532	-1.871018	-0.008315	-1.899379	0.944426	-1.081335	2.234189	-0.961992	0.462954	-0.736608	-0.168174	0.183974	0.860292	1.019515	0.727319	1.037631	-0.616114	0.648796	-0.340894	0.986228	0.115574	0.620262	0.291476	0.760378	-0.807652	-1.571914	0.988968	1.344994	-0.115898
9.353	9.882	-0.621540	0.081955	-1.735267	-1.529488	0.157952	-0.605682	-0.346676	-0.406302	-1.283579	-0.217523	-0.013704	-0.582710	-0.501475	-0.203973	0.819761	-0.094462	-1.926328	-1.193857	0.931814	-0.685605	-0.088487	1.924891	0.631816	-2.148325	1.444908	0.149647	0.369300	0.304170	0.913356	-0.079741	-1.481568	0.323526	-1.381817	1.816588	-0.362141	-0.051741	-0.676026	0.339167	0.454365	-0.678703	0.453064	0.067726	-0.095869	-0.751538	2.314388	1.182792	0.728363	1.126484	0.299908	-0.349332	-2.643065	-1.218987	2.165025	1.160201	0.202319	-1.577537	0.634776	-0.278044	0.697958	-1.111918	-0.489949	0.885113	1.927813	-0.658440	-0.999612	1.022886	-1.259919	-1.188026	0.265936	2.085685	-0.848786	-0.369756	0.111304	-0.472717	-1.766835	0.801957	0.186325	0.366865	-0.141704	1.513175	-0.504539	-1.077050	1.663707	-2.198619	-0.153798	-0.075508	-0.114552	-1.551212	-1.185045	0.957990	1.385340	-0.417310	-0.930664	-1.784791	0.940570	0.999647	-2.810792	-2.423912	0.136818	0.266181	-0.477328	-0.032949	-0.247239	0.026428	-0.900909	-0.012252	-0.674367	-0.757711	-1.866893	-0.175541	0.802974	-0.325585	-0.353483	1.255719	1.024982	1.734583	2.257085	0.059487	-1.157168	-0.521139	0.573002	1.440105	-1.048863	0.255278	-0.792862	-0.146654	-0.161613	0.381186	2.032326	0.475088	-0.429833	-0.594871	-0.190842	-0.871690	0.139649	-2.411235	-0.211194	-0.132009	-1.160651	-0.382143	1.119916	1.192049	-0.533138	0.523485
0.751	9.237	0.230806	1.526928	1.192803	0.208930	-0.911522	1.358516	-0.340288	0.448489	-0.122527	1.992242	-0.610044	0.916254	-0.086405	0.569105	1.620012	-2.004573	-0.065389	-0.894065	0.445732	0.691331	-0.470477	-0.522052	0.203807	-1.273205	0.333218	-0.817710	0.733648	-1.317881	-0.567268	-0.751137	-0.298158	1.376340	0.845968	-0.479684	-0.480553	0.885313	-1.163957	0.022382	-0.605763	-0.171689	0.809108	-0.669251	0.974148	2.199587	0.604009	-0.084086	1.157135	-1.108845	1.521073	-0.753067	2.168094	-0.717121	0.661702	-1.559575	-0.213252	-1.079693	-1.441518	1.205519	-1.227554	-0.735073	-0.851609	1.139663	1.017499	1.270295	-0.786463	1.349601	-0.794985	-0.754688	-0.698727	-0.662311	-0.090787	-0.838694	0.231411	-2.609398	0.228146	-1.089680	-0.669406	-0.645261	0.943172	0.504601	-0.165542	-0.715234	0.782878	1.794710	-0.027995	-1.598319	-0.702896	0.559216	-0.442713	-0.858695	-0.902183	0.091678	-1.533828	-0.034657	0.088466	-0.449522	-1.042861	1.018404	-1.332780	0.172731	0.727753	0.159462	1.231182	-1.135396	-0.790914	-0.461234	3.290697	0.507804	0.695017	0.653350	0.078820	1.049438	-1.870304	0.276975	0.428218	1.018649	-1.155682	-1.082088	-1.018879	0.522320	0.536585	-0.949804	1.914276	0.286371	0.124206	-0.207627	0.930494	0.389494	1.889852	-1.213900	-1.545564	-0.740058	0.553350	-0.428091	1.271028	-0.393558	1.081908	-0.830761	1.183053	1.369153	-0.564786	0.489562	0.267715	0.516707
0.745	4.590	0.514113	0.663052	-1.269268	-0.040920	-1.101504	-0.018159	1.116809	-0.007054	-2.505590	-1.046800	0.581088	-0.539114	0.783844	-1.207210	0.381719	0.431943	0.789901	-0.655210	0.779793	1.506559	-2.272694	0.051703	-1.806350	-0.860196	-0.778574	-0.066451	0.377541	0.904983	0.264021	0.673628	-1.078499	1.056659	-3.295823	1.526692	1.347200	0.750054	2.228966	-1.803818	0.779427	0.135106	0.244086	-1.163570	0.394808	0.347823	-0.689595	-0.068693	-1.314504	-0.395399	0.960818	0.980807	0.768702	0.960387	0.973465	-0.643547	0.339547	1.086780	-1.379562	-1.385319	-1.440649	-1.785540	-1.050806	-0.525469	1.512306	-0.437474	-1.516370	0.166188	-0.188964	-0.782132	-0.588563	1.067089	-1.409885	-1.665769	0.466836	-0.613970	1.552209	-0.154303	-0.100373	0.786552	-1.672160	0.337586	-0.365618	1.026807	-0.646777	0.176822	-0.358964	0.412900	-0.251146	0.262310	1.753239	-0.285987	0.402749	2.286468	0.389855	-2.434178	-0.666263	-1.203749	0.921963	-0.093819	1.063518	0.611557	0.607240	-1.223307	0.504895	1.366590	-1.447097	-0.317143	0.354419	0.098016	1.436587	0.728507	0.406092	0.817602	0.764290	0.041069	-0.354820	0.990310	-0.743079	-0.072279	-1.156734	0.731676	1.232523	-0.935548	-0.153929	-0.480066	1.075326	1.416971	-0.479093	-3.091175	1.152801	0.045095	0.048953	0.963714	-0.364018	-0.630276	-0.355708	0.489086	0.878967	1.633154	0.403392	-0.144626	0.886191	-0.971258	1.419388	0.211377
5.199	7.059	0.626940	-0.280617	-0.094282	-1.671194	-0.434679	-0.568497	0.418563	-0.267646	-2.648873	-0.415012	-1.454483	-1.042845	1.003885	-1.688984	0.294844	-0.507220	-0.700035	-0.979324	0.319523	0.431805	-1.725150	1.150524	-1.186264	0.388609	-1.180967	-0.459062	-1.278802	-0.528741	-0.200975	-1.149319	0.314441	0.445432	2.706030	0.928696	1.176420	-1.769015	-1.958466	-0.296991	1.786816	2.474363	-0.687536	-0.586223	0.543894	-0.197159	-0.171934	0.634899	2.715518	1.304573	1.869127	-1.844135	1.074781	-0.949869	1.676448	1.357327	0.603815	-0.742893	-0.483818	-0.402907	0.762334	0.403888	1.420032	1.610820	-0.845358	0.475197	0.463036	-0.095024	0.941765	0.490973	-0.574558	-0.142117	-0.349221	-0.727517	-0.085322	-1.296925	0.473883	1.404118	0.050471	0.946428	0.155330	-1.022105	2.007065	-2.422429	0.010307	-0.768553	1.581693	0.215968	2.555477	0.036007	-0.760842	-1.710269	1.106645	-0.834730	-0.419809	1.228107	1.053366	-0.609635	-0.454008	-1.756068	-2.055512	0.763698	0.874042	0.357210	0.187225	-0.706167	1.468133	-1.784021	-0.468494	0.160701	-0.000412	-0.002049	-0.519249	0.540907	-1.215392	-0.144005	0.431901	-0.332530	0.004787	0.215514	-1.760821	-1.667300	0.133929	-0.608382	-0.548022	0.569007	-0.988838	-2.413240	1.657029	1.209843	1.197169	-1.120748	-0.077419	-1.268419	-0.059960	-0.348011	-1.078056	0.503286	-0.258743	1.722700	0.085780	-2.547896	-1.812127	2.095638	-0.359037	0.240008
5.010	5.821	-1.906910	1.329252	1.260372	0.006159	0.413286	-0.370597	-1.685251	0.580286	0.246580	0.267359	0.482294	-0.604333	1.493267	0.008132	0.541711	-0.272125	1.050222	0.103993	-0.085119	1.207357	-1.722870	-0.280017	-0.612646	0.373880	0.315802	-0.011798	-0.714002	-0.024031	0.323369	-0.178434	1.107547	0.612015	0.019032	-2.346020	-0.218309	0.630097	-0.279360	0.303255	-0.224577	0.232493	1.401008	0.786745	-1.295581	-1.658024	0.442558	1.167853	-1.660649	-0.209808	2.373218	-0.268638	2.525857	-0.823601	-0.646903	-0.702952	-1.279188	-1.691308	-0.221242	0.144865	-0.716780	-0.476219	1.446075	0.971744	-0.258676	0.429875	-1.636424	0.269627	-0.062409	-0.374166	0.032810	-0.128842	-1.313639	1.679773	0.950818	-0.387796	-1.760568	-2.456280	2.004704	-0.173661	0.762982	-0.948729	-0.307371	-0.256333	0.241461	0.089868	-0.922266	-0.932687	-0.081547	-1.754313	-0.823076	-0.154138	0.397500	1.503435	-0.476465	0.036114	-1.867364	0.334814	-0.909358	-0.308235	0.475882	0.517684	-1.453748	0.801950	-0.038874	1.267179	1.461631	1.606131	-1.424420	0.402285	-1.577400	1.301451	1.443771	0.978051	-0.424599	0.544247	-0.552245	0.013770	-0.092209	-1.998343	-0.809506	2.270859	-0.086692	0.160227	-0.008671	-0.410524	0.036107	-0.407010	-2.282950	0.786228	1.612870	-1.164178	-0.412849	1.499954	-0.771403	0.387717	4.326921	0.632270	0.068825	0.881710	0.776747	-0.662263	-1.736443	0.593913	0.743857	-0.297510
9.784	2.121	0.774518	-0.278621	-2.090926	-0.174355	-1.836191	-2.357092	0.647159	1.172307	-1.950596	-0.256546	-0.017493	-0.292405	-1.378513	1.331037	-1.350890	-1.949198	-1.374448	0.481342	-0.267204	-0.770247	0.527649	0.332628	-2.307322	0.517567	1.181233	-0.123182	-0.234915	1.893875	-0.709819	-0.165661	0.330980	0.048440	-0.272284	0.089224	1.568946	0.807658	-0.074718	-0.863940	-0.731004	0.950217	-1.593322	2.403190	-0.031785	-1.378548	0.181976	-0.800706	-0.418987	-1.510772	-0.238603	-2.122638	-0.599866	-0.827307	-0.502318	-0.764199	0.033964	0.888005	0.360612	1.299262	-0.498529	0.324715	0.364115	1.151652	-0.730445	0.788832	-0.857310	-0.569920	-0.358656	0.453173	-1.087008	-0.947654	-0.645064	0.048443	-0.936248	0.263972	-0.357832	0.657906	0.062942	1.752134	0.121146	-1.218389	-0.212767	0.021140	-0.908674	1.517099	-0.309938	-0.644669	0.181541	-0.906207	0.966347	0.765352	0.130625	0.591553	-0.499671	-1.502720	-0.325608	-0.501515	-2.036536	-1.057853	-1.230375	-1.053795	1.333310	0.511939	0.964973	0.509588	1.083011	0.026928	1.515672	-1.231392	-0.067739	-1.024886	1.241702	0.419793	1.186695	-1.403467	-0.602438	-1.783950	0.361277	-0.428136	0.755587	0.031655	-2.130185	-1.660378	0.082414	0.465722	-2.216285	-0.083478	-1.017402	-1.110214	-0.655013	0.123519	-0.706545	-1.986144	0.115633	-0.350697	-0.938286	-0.307828	-0.347855	0.044013	-0.247890	0.165409	-0.048607	0.819694	1.584738	-0.015134
9.537	2.370	0.646348	-0.902494	2.347547	2.779173	-0.213029	-1.665001	0.653784	2.098790	-1.312276	1.898052	-1.849003	-1.454201	0.308964	1.016709	-0.066439	0.449419	1.104413	1.220186	-0.622300	-0.863455	1.053576	0.454214	0.588733	-0.661184	0.638057	-1.094486	0.247241	0.111771	0.118679	0.781198	-1.020204	0.676926	0.020651	-0.791552	-1.321819	1.888676	-0.069450	-0.354968	-1.143674	1.088654	1.011085	0.818500	-0.061033	0.751258	-0.823822	0.217615	-0.054324	0.267047	-1.813161	1.869688	1.618531	-1.150033	0.577362	-1.486979	0.083864	-2.195727	-0.292164	-0.487759	1.156742	1.668477	1.690988	1.158259	0.082418	0.388298	0.383437	-1.180318	1.145926	0.690058	0.736503	-2.281471	0.452749	1.005641	-0.015243	-0.500741	-1.362411	-1.434149	0.154333	-0.234754	-0.248775	1.528924	-1.255915	-0.345702	1.694109	-0.312092	0.066288	-0.175093	0.705785	-2.055042	-0.203355	0.054445	-0.998203	0.343592	0.786379	0.451938	1.779279	-0.433360	0.498576	0.476044	-0.235616	1.133399	0.288237	-1.201045	0.750596	-0.499374	-0.322751	-0.248691	0.735291	1.078986	-0.159487	-0.216840	-2.047145	-0.709827	-0.946765	0.311194	-0.107068	-0.908836	0.152703	-0.067656	-2.540423	1.107921	1.010891	-0.237920	0.352597	-0.325272	-1.604448	2.163724	0.749765	0.940603	-0.284544	1.125977	-1.370229	-0.245487	0.739813	-0.626807	0.910712	0.303752	0.209617	-0.720067	0.404376	1.932546	0.175286	0.555966	0.703522	-1.144415
3.855	7.702	-2.124910	0.788972	-0.931824	0.679633	-0.758027	2.042113	-0.278557	1.921161	-0.172710	-0.053470	1.566591	-0.917568	0.049957	0.539537	0.403789	0.043023	-0.094326	0.846442	0.176787	0.966379	0.391895	0.650205	1.133563	-0.310082	1.106449	-0.156815	-1.400661	-0.329197	-0.722702	0.375335	-0.285778	0.127872	1.014218	1.485774	0.292701	1.085650	-0.177144	-1.563159	-1.179322	-0.195709	0.795594	-0.192871	1.185880	1.831648	-0.888275	2.124861	-1.634744	1.848834	-0.033524	-0.232844	-0.008019	-0.799969	1.501556	-0.692004	-0.564511	-1.379251	-0.730663	-0.700245	-0.767363	-0.175705	-1.114750	1.594520	-0.152801	0.374034	0.861791	2.024937	0.909883	-0.247831	-1.072737	0.338095	1.062297	0.141932	0.065216	0.213485	-1.869786	0.146469	0.732275	-0.045683	1.123510	1.156886	-0.503899	0.441789	0.042756	-2.028533	-0.187187	-1.030901	0.133990	0.682751	-0.217618	-0.900035	0.233966	2.443705	-2.172293	0.232805	-0.543784	-0.426082	-0.104690	-0.344057	0.601804	-0.241790	-2.161875	1.279669	1.129279	-0.606758	0.049772	1.217589	1.033164	1.357369	0.374478	0.769534	1.408768	-0.343286	0.440622	-2.146590	-1.579841	0.499983	0.652663	-0.387285	-0.606413	-0.355568	0.191869	-2.313726	0.465619	0.032408	0.247429	-0.123729	-1.383087	-1.098195	1.523486	-0.642625	0.807815	-1.082365	-0.014996	-0.440683	-0.287498	-0.340003	1.443922	1.927486	0.237630	-0.412698	-1.329227	-1.398070	1.449356	-1.468596
9.167	1.376	-2.601563	-1.250594	-1.338426	-0.665705	0.258683	1.027777	-0.663555	-0.461660	-0.119581	-0.805537	0.417810	0.448694	-2.721576	0.639424	0.127207	0.258769	1.179595	-1.786295	-1.255491	-0.070239	-2.321376	-0.211651	0.846065	0.396639	0.078994	-0.232724	-0.427870	-0.485480	0.228723	-1.550893	1.463115	-0.737639	0.557679	0.080363	-1.153639	1.292665	1.081463	-1.570663	-0.073570	0.207366	-2.071337	-2.120545	-0.833663	-1.313221	-1.043523	-1.313054	-0.122394	-0.892276	1.113966	0.180270	0.794313	-1.688268	-0.628224	0.136216	0.452979	-0.647696	-0.501130	-0.391539	-0.297864	2.164197	0.313243	0.039875	-1.259008	-1.235346	-0.213208	1.130375	-0.199140	-0.156311	-0.744249	-1.741673	0.436895	-0.254350	0.446031	0.154632	-0.964100	0.225410	-1.291051	0.217542	-0.062837	1.540599	-0.866890	-1.326888	-0.413163	0.609086	-2.797723	0.875533	-0.208616	-1.141910	-0.367846	-0.741073	-1.225106	-1.938604	0.730479	-0.559480	-0.391475	0.844778	0.055864	-1.559417	0.672797	1.483836	0.503094	-0.865012	-1.472783	-0.901393	0.103033	1.426256	-0.759358	-0.648911	1.021444	-0.434012	1.713979	-0.148103	1.167770	0.382782	0.707090	-0.177068	-0.111662	0.418920	0.798140	0.526062	-1.767446	0.257682	-0.656587	-0.545880	0.457503	1.697919	-0.232051	1.972881	-1.096999	1.231743	0.430692	0.208557	1.383162	-0.636533	1.277569	-0.208315	-0.642107	-1.326659	1.585354	1.141261	-0.478063	0.545419	0.126600	-0.352913
9.230	6.159	-2.191641	0.259837	0.066766	-0.593271	-0.892420	-1.559398	-0.362722	-0.875232	0.964396	0.516503	-0.484534	0.522720	-0.107475	-0.269449	-0.054810	1.771310	0.644018	-0.298482	0.893863	0.857808	0.259717	-0.328570	-0.394610	-1.075147	0.180492	-0.609868	-0.436719	0.624018	1.687183	0.374201	-0.105146	-0.018764	1.137965	0.387703	0.193736	0.264570	-1.428617	0.390476	-0.875219	0.394417	-0.735190	0.591170	-0.153073	-1.145361	-0.290681	2.205889	-2.273055	0.166342	-1.010566	1.376876	0.816309	0.185910	0.917432	0.244572	0.006119	-0.598859	-0.360915	-0.464061	0.010345	-1.892101	1.029664	1.946872	-0.432216	1.174952	-0.134103	-0.602303	-0.381784	0.085692	-0.721306	0.606182	-0.519280	-1.073226	-0.019916	-0.693935	-0.327315	-0.054309	-1.339707	1.458865	0.812644	-0.630055	-0.019127	0.635789	0.208713	1.879852	-0.238663	1.188979	-1.334637	-1.180800	1.684472	-0.431956	-1.167448	-0.047724	1.263977	-0.763525	-0.041705	-1.854489	-0.468840	0.997199	-0.784342	-1.271906	-0.776113	-0.609681	0.764714	0.379777	0.572941	0.028432	-0.619861	-0.776365	0.432328	1.589003	-0.940735	-1.017983	-1.135828	0.831528	-0.042143	0.555397	-0.507968	0.618236	-0.287635	-1.544926	0.922898	-0.036225	-0.310299	0.281291	-1.444166	0.430723	-0.595811	-0.156105	1.139294	0.642195	-0.176382	-0.101084	-2.560569	-0.821892	0.167127	-0.764165	-1.326433	0.480150	1.306444	-0.721397	0.875010	0.724806	-0.976818	-0.727687
2.342	3.035	-0.609020	1.965749	-0.568869	1.352991	-1.022017	0.138268	1.085920	-0.467466	0.099736	0.744436	-0.901993	2.240355	1.037724	-0.357282	-0.234823	1.911721	-0.354815	-0.472158	1.146165	-1.400558	-0.078332	0.084159	-0.703714	-1.565599	0.069100	0.688181	-0.679055	-1.179807	1.256081	0.528128	-0.361803	0.920855	0.241740	1.789215	0.664169	-1.389865	-0.658739	-0.610905	0.309560	-0.303489	-1.127287	0.589140	1.000117	-0.102734	0.209458	-0.967557	-0.522537	-0.481633	0.558587	0.256026	-0.329692	-0.369382	-1.967818	1.605874	-2.085446	0.421880	0.037710	-0.265682	-0.008193	-0.662983	0.652815	-1.313568	0.327815	-0.677763	-0.426928	-0.399907	-0.165356	0.502153	-0.035795	0.932979	1.044897	0.308768	0.682590	2.024931	-1.413329	1.076136	1.544846	0.433671	1.904046	1.773755	-0.337034	-0.260443	0.530607	-0.624114	2.711221	0.788835	0.046538	-1.410201	0.251919	-1.185650	0.759917	-2.502196	1.383725	-0.424145	-1.691721	-0.016390	0.016823	-0.064318	1.379727	0.380879	0.796088	-0.248726	0.426999	-1.308488	0.258103	-0.758209	1.319637	0.075505	0.662868	0.262323	1.806301	-1.560363	-0.113797	-0.960087	-2.049633	-1.025029	1.172036	-0.030175	-0.219771	0.773501	0.115432	0.613333	0.322844	0.542702	-0.449687	1.047087	-1.212132	-0.085980	1.096921	-0.154064	-0.430854	2.288441	1.418592	0.141633	-0.970478	-2.035085	0.708662	1.265869	0.395771	-1.710700	0.160319	-0.486851	0.161656	1.943428
2.074	4.169	-0.045344	0.414475	-0.723018	0.554936	-0.193368	-0.822256	0.815002	-2.231554	-0.544624	0.613320	1.224585	0.471703	-0.672087	-0.050932	0.291275	1.560534	0.920598	0.927930	0.065419	-1.070986	-1.406041	-0.301266	0.699431	-0.501886	0.572175	-0.794685	-0.640421	1.408010	0.766872	-0.306489	-0.830551	0.948915	0.876460	0.639197	-0.177828	-1.094591	-0.014836	1.407600	-0.909039	0.047453	1.635792	-0.304233	-0.127482	-1.350403	0.623201	-0.740598	-1.554603	-0.953559	0.208446	-1.580105	-1.385815	0.559284	-0.072384	-0.913989	-0.321267	1.738171	1.281732	-0.107434	0.816182	0.121003	-1.774194	-1.953156	-0.909333	-1.575753	0.271567	-0.549940	0.425329	0.440696	0.690027	-0.930621	0.515672	-0.955462	0.711340	1.222654	0.723154	-0.177078	0.566768	-1.533270	-1.758706	0.466796	1.307734	-1.231449	0.015185	0.438864	-0.614552	-0.339383	0.613243	0.108186	0.112557	-0.982298	-0.031149	-0.397913	-0.344382	-0.541404	-0.027280	-0.868278	0.012090	-0.365032	-0.932094	-1.948591	0.947466	0.746310	-0.804854	0.681668	-1.024787	-0.307129	-0.530280	-0.277591	0.646180	-0.401874	-0.339639	0.743227	0.061708	-0.591788	0.240642	0.992662	1.055917	-1.324628	-1.274544	0.999084	-0.287519	-2.200006	-0.729902	-0.439042	-0.312569	0.764928	-0.929168	0.935532	0.285132	-1.286541	-0.319474	0.494667	0.039562	0.378973	-0.587416	0.554768	-0.398462	2.546166	-1.319452	2.697951	-0.951148	1.271225	0.827441	-0.909565
7.896	7.281	0.274850	0.147867	-0.349310	-0.432430	0.340872	-0.903822	-0.866095	0.954976	0.428386	-1.306667	-1.003280	-2.136511	0.909690	0.688576	-1.088757	0.649651	1.985501	-1.539339	-0.615101	-1.561191	0.948544	-0.096058	-0.398105	0.227418	-0.556934	-0.401632	0.274762	-0.610078	-0.468986	-0.156520	0.091340	0.601644	0.583228	-1.499589	1.407951	0.059117	-0.331661	-0.903541	1.989167	2.359863	1.866181	0.121416	0.344105	1.491036	-0.240751	0.541303	0.227219	1.918768	1.436328	-0.137972	1.525051	-0.003843	-0.545778	-0.285337	0.147411	-0.785050	-0.517619	-1.443383	-0.822483	0.234547	1.042138	0.914032	0.429840	-1.529274	-0.861003	-0.197443	0.962833	-0.556854	-1.219756	1.448288	-0.734933	-1.127871	0.227335	-0.050075	-0.500126	0.000368	-0.925940	-0.511581	-0.036129	-2.035856	0.955066	-1.372904	-0.938856	1.000153	0.569311	0.087323	-1.708191	-0.605681	-0.216157	-0.143518	1.141419	1.994293	0.614854	-0.534392	1.214413	-0.589570	-2.623694	-1.249533	-2.371922	-0.383830	-0.178284	-1.592671	-0.854115	-1.426357	-0.127003	-0.853486	1.009940	0.169685	1.604787	-0.454765	2.144366	0.002520	-0.528465	2.408736	-1.828506	-0.552679	-1.665049	-1.838275	-2.067136	0.616757	-1.329052	-0.254776	0.891916	0.463345	0.413920	1.213821	1.609430	-1.251735	0.483203	-0.272217	-0.146675	-1.511475	-0.531948	-0.422745	1.430254	-1.155303	-2.385455	-0.006100	-1.256766	-0.139576	0.660756	-0.099816	-0.431245	-0.156561
9.600	7.390	0.728482	-1.004441	0.602071	-1.543090	0.542510	-0.101871	0.096554	0.958943	-0.821094	-0.025051	0.303301	-0.299011	0.716789	0.329821	-0.579929	1.260732	0.561896	-0.842567	-0.852595	-0.219513	0.447478	-2.213440	-0.800509	-0.577478	-1.437654	-1.021767	0.137301	-0.488912	-0.410326	-1.378640	-0.213517	-1.504064	1.459030	1.743328	-0.473166	-1.122440	0.854602	0.592364	1.874745	2.141078	-2.026808	1.158659	-0.222508	0.549088	0.777848	0.735915	1.000370	-0.560270	-0.952881	1.186913	-0.871728	1.861399	-0.764375	-0.380836	-0.190410	-1.541060	-1.538176	0.912034	-1.720039	2.519663	-0.094126	-1.029344	0.420218	-2.461908	-0.333568	-0.205341	-1.266205	-0.631781	1.526023	0.183250	0.399467	-0.786826	-1.323399	-0.241060	-2.457622	-1.096813	-1.252500	-2.038766	0.649217	-0.130506	-0.619670	0.671016	-1.644271	-1.343579	1.117326	2.281407	0.684227	0.471572	-0.581859	-0.558864	0.227269	1.372898	0.426543	0.957958	-0.916228	0.616925	-0.671344	0.140152	0.615821	-0.531233	-1.017078	0.362596	-0.134772	0.136130	0.657144	1.307286	0.663265	0.531940	-0.500377	-0.346840	0.454503	-0.363249	0.450360	-0.815617	1.929350	0.193678	0.128005	-0.482605	1.913021	-1.253290	-0.703017	0.853592	0.239656	-0.576768	-0.548088	-0.290891	0.102140	1.553631	0.605162	1.023335	-0.434274	0.515730	-1.554789	0.182137	0.117960	1.821417	1.557585	-0.258440	-0.817140	-0.789692	-0.294645	1.301741	0.414907	0.518008
6.174	2.433	-0.709059	0.520233	-0.778922	-1.526408	-1.082582	1.054361	-0.374081	0.225851	-1.032526	0.379403	-0.269592	0.446198	-0.477881	0.504284	-0.527013	-0.080323	-0.271680	0.026238	0.279065	-0.494904	-0.119618	0.186487	0.507687	-0.076085	-0.887053	0.086454	0.670344	-1.333132	-1.321465	-0.662211	-0.192330	-2.196915	0.574090	-0.182532	-2.351100	-1.113168	-0.300584	-1.772537	0.970461	0.186833	0.678189	-1.029021	0.411373	-0.660643	-0.192469	0.352830	-0.070065	0.808420	0.139078	-0.463126	0.842881	1.053653	0.087596	1.336107	-0.235442	-0.127935	0.004379	-0.129797	-0.310544	-0.714858	-0.994122	0.110761	1.198341	0.814202	0.388085	1.249169	0.019247	-0.988813	-0.349446	-0.060661	-0.512423	0.610067	0.935540	-1.732124	-0.145460	-2.903122	-0.091574	-0.102752	1.776210	1.476257	0.932350	-0.959739	-1.017508	-1.096054	1.526617	-0.910442	-0.385570	-0.899768	-1.258172	0.332616	0.153343	-2.224559	-1.301935	0.255188	-0.072214	-0.400932	0.605678	-1.443033	-0.594992	0.518037	-0.649295	0.312547	-1.146230	-0.823849	-1.782198	-2.057127	-0.475947	0.450024	-0.114799	1.160285	-0.392799	-2.120139	0.344194	-1.078528	0.125881	-2.285482	-0.275049	0.702692	0.580480	-0.250742	-0.051332	-0.497186	-0.298299	0.626774	-0.749888	-0.651898	-1.579549	0.646698	-0.319862	-1.262942	0.822349	-0.101044	-0.796798	0.838113	-0.395944	-1.623872	0.904005	-0.894523	2.965701	-0.500173	-2.069964	1.699912	-0.110768	0.201486
2.918	9.469	-2.221081	1.899374	-1.617733	1.583659	0.472121	0.120872	-0.522479	2.254610	-0.746995	-0.719058	0.618844	-0.727028	-1.065514	-0.111327	0.634486	1.826481	2.030442	-1.843669	0.989763	-1.036706	-0.986844	-0.592025	-0.655706	-1.122114	-2.377702	1.394797	0.846860	-0.067810	-1.018827	1.183968	-0.114658	-0.626268	-1.695269	0.487190	-0.385396	0.210181	0.117674	0.584765	0.166627	-0.355541	0.504120	0.900413	1.495982	-1.170898	1.061857	-1.638168	0.964317	-0.640659	0.791510	1.442636	0.179311	-0.047344	-0.098399	-0.470584	1.124411	-0.107779	-2.175249	0.884165	0.831641	0.043119	-0.788220	-1.160213	-0.785354	0.198814	-1.843541	0.424415	0.072562	1.287273	0.701247	-0.723058	-1.690893	-0.821226	1.381236	0.294363	0.597338	-0.629184	0.484763	-1.520163	0.935203	-1.155427	-1.974414	2.262332	0.134886	0.107208	-1.869956	0.622560	0.886020	-0.199295	0.889908	1.170509	0.525723	-2.166222	-1.151610	1.686896	0.082384	0.086880	-0.831656	-0.637474	1.192650	1.498472	0.797209	0.551572	0.626622	-0.070373	-1.203660	-1.419798	1.314767	-0.032924	0.477070	0.210757	0.261491	0.344947	0.697402	-0.767555	1.182408	-0.737733	0.239463	-1.182991	-0.166631	-0.659831	0.024215	0.735401	0.076053	1.960859	0.795919	-0.228453	-0.086106	0.377763	0.704324	-1.234052	0.636654	-1.208092	0.539850	1.100097	0.299732	-2.325745	-1.782354	0.562717	-2.453761	0.609877	0.984826	1.135178	-0.241475	0.438506
0.696	8.463	0.745019	1.390477	0.689401	-0.502801	0.739950	1.297631	1.166238	1.026871	-1.591860	0.398215	0.645646	1.038660	0.515624	1.551951	-1.827845	0.558350	0.478997	0.902717	1.542124	-0.888281	1.508540	0.814896	-0.187165	-0.908794	0.196314	0.285677	0.341187	-0.626950	0.609339	-0.405540	1.216576	1.710207	-0.812599	0.059890	0.972164	0.275880	-1.352525	0.864798	-0.605772	0.200469	-0.994044	0.794596	-0.421042	0.900427	-0.214881	-0.481233	0.412236	-1.074374	1.798233	0.185619	-0.566260	-0.399341	0.017573	0.995828	-0.894517	-0.368784	-0.049510	1.542472	0.999144	1.590171	0.031035	1.432755	1.267277	0.696762	0.776999	-0.594573	1.828304	-0.245147	0.559701	0.676698	-1.371342	-0.051098	0.203375	-0.113385	-0.039235	1.492685	-0.827139	-1.268757	-0.586491	0.744247	0.841677	0.606008	0.911812	0.256039	-0.518014	-0.945157	-1.262118	-0.227171	0.788344	0.236911	0.022947	-1.055375	2.579268	-0.825459	0.120612	1.003017	0.042331	-0.806939	0.808660	-1.339555	1.742048	0.282234	-0.253410	-1.416382	-1.151978	-0.052093	1.892747	0.232976	0.347060	0.386107	2.364042	-0.441390	1.565468	-0.398579	-0.703613	-0.079611	-0.084544	0.562013	-2.323984	0.147860	-0.598747	-0.723953	-1.295777	-0.364804	-0.516607	-0.426631	-1.638607	0.098150	-0.791629	-1.635035	-0.548162	-0.774075	0.041137	-0.561510	-1.449541	-0.888354	-1.726652	1.137128	1.297861	1.418915	-0.589848	1.297110	0.406998	-0.822156
8.063	5.261	0.102452	0.362905	-0.001786	-0.348521	1.352091	-0.113783	-0.171028	-0.217271	-0.113200	-1.362423	-1.003097	2.445987	-1.650419	0.271777	0.342525	1.012724	0.366781	1.890867	0.239646	1.347855	1.039972	1.541990	0.024838	0.397894	-0.369177	0.159754	0.214987	-2.077408	-0.143143	0.889873	-1.350189	-0.986342	1.155647	1.343128	-0.620769	0.173985	-0.078052	1.176976	-0.533346	-0.378646	1.340767	-1.003331	-0.497959	0.132898	1.523770	-1.193462	-0.710587	0.592551	0.746950	0.211556	-0.116721	0.129652	-1.507268	0.101422	1.482123	-1.320148	-0.784051	-0.396879	-0.333926	1.841365	-0.931908	-1.131711	0.771072	-0.646857	0.787675	-0.197062	0.459020	-1.567877	0.455656	0.217796	-0.255381	-1.232738	0.216835	0.724046	-0.531154	-0.511490	0.793889	1.710221	0.939619	0.229463	-0.243226	-0.027501	-1.325491	-0.154386	1.119885	0.039635	-0.625500	-0.717998	-0.031766	-1.234637	-0.908555	1.532818	-1.036100	-0.801540	0.291338	-0.441764	0.088634	0.862876	-1.547080	0.754246	-0.582390	-0.286076	1.922092	-1.402624	0.590703	1.128029	-0.683531	-0.667729	-0.368668	-0.689456	0.066471	0.892606	-0.363234	0.928554	1.401011	0.431059	0.525484	-0.593955	-2.622967	0.585705	0.796476	0.242444	0.909769	-0.548263	0.518516	1.472144	0.665668	1.342756	1.349157	-1.221384	0.719181	-0.631955	-1.107483	-0.285654	1.754159	-0.543800	-1.758216	-1.444608	0.478379	-0.758825	-2.043186	-1.405113	0.166918	0.779486
1.670	6.650	0.914930	-0.783710	-0.121219	-0.600482	0.538880	-0.612234	-1.213177	0.052587	1.110345	0.510573	1.006835	0.919021	0.042149	-0.597488	-0.869730	-1.586608	1.189550	-0.330605	-1.704770	1.234325	0.094267	0.967769	-0.261542	-0.793274	0.445749	0.528635	-0.279901	1.313528	0.945469	0.564764	-1.109972	-1.250859	1.199018	-2.188345	-0.090979	0.146644	-0.489713	-0.035321	0.420297	-0.587221	0.881410	0.582476	-0.179959	-0.826431	-0.090661	2.110670	-0.757429	1.530781	-1.755182	-0.860786	-0.542630	0.949089	0.055357	1.310072	-0.332642	-0.053860	-0.328681	2.026401	-1.120241	-0.508197	-0.977962	0.573312	-1.141010	1.822146	0.080680	0.412380	0.463102	-0.020059	0.121664	0.084731	0.519243	-0.822369	-0.992078	0.820968	-0.001918	-2.006452	-0.475190	1.529974	-0.160377	-0.530991	-1.494794	-0.567831	-1.163753	0.429205	0.049293	-0.363463	-0.762218	1.526440	-0.705317	-0.701599	-0.242968	-0.103119	0.482046	0.930445	0.855573	2.429894	-1.692874	0.230851	-0.520507	2.009760	0.175603	-2.029672	0.434214	0.266832	0.757746	-0.723531	0.327827	-0.270486	-0.671362	0.342724	0.152785	1.050053	0.026989	0.603903	-1.207434	1.394517	-0.777201	0.902931	0.263119	0.136324	0.760345	-2.139982	-0.573524	0.746130	1.922093	-0.024358	-2.437629	-0.317219	-0.060150	1.109459	0.048343	-1.276725	0.963497	0.568317	-0.699094	0.719873	-0.546614	-0.298208	-0.529688	-0.309941	0.906760	-1.785785	1.104129	0.176325
