HYID8088500|17730000	0.116	0.090	0.545	0.249	HYID8089000|17730000	0.034	0.079	0.000	0.180	0.079	0.258	0.101	0.056	0.045	0.034	0.022	0.034	0.000	0.079	0.000	8	6	38	17	3	7	0	16	7	23	9	5	4	3	2	3	0	7	0
HYID8089000|17732500	0.428	0.318	0.146	0.107	HYID8089500|17732000	0.038	0.115	0.077	0.000	0.000	0.154	0.038	0.231	0.000	0.000	0.038	0.000	0.154	0.038	0.115	6	5	2	2	1	3	2	0	0	4	1	6	0	0	1	0	4	1	3
HYID8089500|17732000	0.468	0.096	0.225	0.210	HYID8086500|17733500	0.059	0.059	0.000	0.176	0.294	0.059	0.059	0.000	0.000	0.059	0.000	0.118	0.000	0.118	0.000	9	2	4	4	1	1	0	3	5	1	1	0	0	1	0	2	0	2	0
HYID8087000|17731500	0.098	0.063	0.155	0.685	HYID8088000|17733000	0.000	0.000	0.067	0.000	0.000	0.133	0.200	0.067	0.067	0.133	0.000	0.067	0.000	0.067	0.200	1	0	1	5	0	0	1	0	0	2	3	1	1	2	0	1	0	1	3
HYID8086500|17731500	0.566	0.003	0.215	0.216	HYID8086000|17731000	0.048	0.143	0.048	0.000	0.000	0.048	0.048	0.000	0.190	0.000	0.190	0.190	0.048	0.000	0.048	14	0	5	6	1	3	1	0	0	1	1	0	4	0	4	4	1	0	1
HYID8087500|17733000	0.275	0.090	0.540	0.095	HYID8087500|17731500	0.111	0.000	0.111	0.000	0.000	0.000	0.111	0.000	0.333	0.000	0.111	0.111	0.000	0.111	0.000	3	1	6	1	1	0	1	0	0	0	1	0	3	0	1	1	0	1	0
HYID8088500|17730000	0.771	0.013	0.116	0.100	HYID8089500|17731500	0.095	0.048	0.143	0.048	0.048	0.048	0.000	0.095	0.238	0.048	0.000	0.048	0.095	0.000	0.048	17	0	3	2	2	1	3	1	1	1	0	2	5	1	0	1	2	0	1
HYID8086500|17732500	0.363	0.513	0.095	0.029	HYID8089000|17730500	0.167	0.000	0.000	0.000	0.000	0.000	0.000	0.167	0.167	0.000	0.333	0.167	0.000	0.000	0.000	1	2	0	0	1	0	0	0	0	0	0	1	1	0	2	1	0	0	0
HYID8088000|17730500	0.061	0.223	0.088	0.628	HYID8086000|17731000	0.000	0.000	0.083	0.042	0.083	0.333	0.042	0.083	0.083	0.042	0.042	0.000	0.042	0.083	0.042	2	7	3	21	0	0	2	1	2	8	1	2	2	1	1	0	1	2	1
HYID8088500|17730000	0.098	0.301	0.444	0.156	HYID8089000|17730500	0.053	0.158	0.123	0.000	0.053	0.000	0.088	0.070	0.105	0.035	0.000	0.018	0.175	0.088	0.035	6	19	28	10	3	9	7	0	3	0	5	4	6	2	0	1	10	5	2
HYID8089500|17731500	0.162	0.013	0.657	0.168	HYID8087500|17733500	0.000	0.250	0.125	0.062	0.000	0.250	0.062	0.000	0.062	0.000	0.062	0.000	0.062	0.000	0.062	3	0	11	3	0	4	2	1	0	4	1	0	1	0	1	0	1	0	1
HYID8087000|17733500	0.275	0.090	0.491	0.144	HYID8088000|17732500	0.308	0.077	0.000	0.077	0.000	0.000	0.308	0.000	0.000	0.000	0.077	0.000	0.000	0.154	0.000	4	1	7	2	4	1	0	1	0	0	4	0	0	0	1	0	0	2	0
HYID8088000|17732500	0.284	0.000	0.191	0.525	HYID8087000|17733000	0.000	0.037	0.000	0.000	0.074	0.296	0.222	0.111	0.037	0.037	0.037	0.037	0.000	0.037	0.074	4	0	3	8	0	1	0	0	2	8	6	3	1	1	1	1	0	1	2
HYID8088500|17732500	0.173	0.410	0.271	0.146	HYID8086000|17733000	0.000	0.100	0.000	0.000	0.100	0.100	0.000	0.100	0.400	0.000	0.000	0.000	0.100	0.000	0.100	2	5	3	2	0	1	0	0	1	1	0	1	4	0	0	0	1	0	1
HYID8087500|17732500	0.197	0.242	0.446	0.116	HYID8086500|17733500	0.028	0.000	0.056	0.056	0.056	0.000	0.028	0.000	0.056	0.056	0.194	0.167	0.111	0.083	0.111	4	5	9	2	1	0	2	2	2	0	1	0	2	2	7	6	4	3	4
HYID8089500|17732500	0.156	0.023	0.139	0.681	HYID8089000|17730000	1.000	0.000	0.000	0.000	0.000	0.000	0.000	0.000	0.000	0.000	0.000	0.000	0.000	0.000	0.000	1	0	0	2	3	0	0	0	0	0	0	0	0	0	0	0	0	0	0
HYID8089000|17731500	0.391	0.042	0.104	0.464	HYID8088000|17733000	0.364	0.000	0.000	0.000	0.000	0.091	0.000	0.000	0.000	0.091	0.091	0.182	0.182	0.000	0.000	3	0	1	3	4	0	0	0	0	1	0	0	0	1	1	2	2	0	0
HYID8089500|17730000	0.121	0.085	0.396	0.398	HYID8087500|17730000	0.333	0.000	0.000	0.000	0.333	0.000	0.000	0.333	0.000	0.000	0.000	0.000	0.000	0.000	0.000	0	0	1	1	1	0	0	0	1	0	0	1	0	0	0	0	0	0	0
HYID8087000|17733000	0.831	0.026	0.110	0.032	HYID8088000|17731500	0.400	0.200	0.000	0.000	0.000	0.200	0.000	0.000	0.000	0.200	0.000	0.000	0.000	0.000	0.000	3	0	0	0	2	1	0	0	0	1	0	0	0	1	0	0	0	0	0
HYID8087500|17731500	0.296	0.191	0.133	0.381	HYID8087500|17732000	0.024	0.083	0.036	0.012	0.012	0.167	0.012	0.214	0.012	0.024	0.012	0.095	0.179	0.119	0.000	13	8	6	16	2	7	3	1	1	14	1	18	1	2	1	8	15	10	0
HYID8089000|17731500	0.639	0.125	0.133	0.103	HYID8088500|17731000	0.020	0.082	0.082	0.061	0.122	0.082	0.082	0.000	0.041	0.041	0.082	0.020	0.061	0.000	0.224	44	9	9	7	1	4	4	3	6	4	4	0	2	2	4	1	3	0	11
HYID8089000|17731000	0.212	0.690	0.088	0.010	HYID8086000|17730500	0.333	0.000	0.000	0.000	0.167	0.167	0.333	0.000	0.000	0.000	0.000	0.000	0.000	0.000	0.000	2	5	1	0	2	0	0	0	1	1	2	0	0	0	0	0	0	0	0
HYID8087000|17730500	0.588	0.084	0.000	0.327	HYID8087500|17730500	0.222	0.111	0.111	0.000	0.000	0.000	0.111	0.111	0.000	0.111	0.111	0.000	0.000	0.111	0.000	3	0	0	2	2	1	1	0	0	0	1	1	0	1	1	0	0	1	0
HYID8089500|17733000	0.033	0.480	0.224	0.262	HYID8086500|17733000	1.000	0.000	0.000	0.000	0.000	0.000	0.000	0.000	0.000	0.000	0.000	0.000	0.000	0.000	0.000	0	0	0	0	1	0	0	0	0	0	0	0	0	0	0	0	0	0	0
HYID8089000|17732500	0.673	0.160	0.006	0.162	HYID8087500|17731000	0.111	0.000	0.111	0.000	0.111	0.000	0.000	0.000	0.111	0.111	0.111	0.000	0.222	0.000	0.111	8	2	0	2	1	0	1	0	1	0	0	0	1	1	1	0	2	0	1
HYID8089000|17732000	0.070	0.203	0.321	0.407	HYID8087000|17731000	0.054	0.290	0.054	0.054	0.000	0.151	0.000	0.011	0.011	0.032	0.043	0.022	0.054	0.204	0.022	3	10	15	19	5	27	5	5	0	14	0	1	1	3	4	2	5	19	2
HYID8086000|17731500	0.189	0.058	0.336	0.417	HYID8089500|17733000	0.000	0.067	0.200	0.067	0.000	0.333	0.000	0.067	0.067	0.000	0.000	0.000	0.133	0.000	0.067	3	1	5	6	0	1	3	1	0	5	0	1	1	0	0	0	2	0	1
HYID8086500|17733000	0.015	0.551	0.264	0.170	HYID8086000|17730500	0.000	0.125	0.000	0.000	0.125	0.125	0.125	0.000	0.250	0.000	0.125	0.125	0.000	0.000	0.000	0	3	1	1	0	1	0	0	1	1	1	0	2	0	1	1	0	0	0
HYID8086000|17732000	0.583	0.037	0.195	0.185	HYID8089000|17733000	0.062	0.000	0.062	0.125	0.062	0.062	0.000	0.000	0.125	0.000	0.000	0.125	0.188	0.062	0.125	10	1	3	3	1	0	1	2	1	1	0	0	2	0	0	2	3	1	2
HYID8087000|17731500	0.068	0.505	0.212	0.216	HYID8089500|17733000	0.667	0.000	0.000	0.000	0.000	0.000	0.000	0.000	0.000	0.000	0.000	0.000	0.000	0.000	0.333	0	2	1	1	2	0	0	0	0	0	0	0	0	0	0	0	0	0	1
HYID8087500|17731500	0.212	0.120	0.094	0.574	HYID8087500|17732000	0.045	0.045	0.045	0.000	0.182	0.182	0.318	0.000	0.045	0.000	0.000	0.000	0.045	0.000	0.091	3	2	1	8	1	1	1	0	4	4	7	0	1	0	0	0	1	0	2
HYID8088500|17730500	0.044	0.018	0.866	0.072	HYID8086500|17730500	0.133	0.000	0.067	0.200	0.067	0.000	0.067	0.000	0.133	0.000	0.133	0.067	0.000	0.067	0.067	1	0	19	2	2	0	1	3	1	0	1	0	2	0	2	1	0	1	1
HYID8088500|17730000	0.248	0.518	0.138	0.096	HYID8086500|17730500	0.385	0.000	0.000	0.000	0.000	0.000	0.154	0.000	0.000	0.308	0.000	0.000	0.077	0.077	0.000	4	9	2	2	5	0	0	0	0	0	2	0	0	4	0	0	1	1	0
HYID8086500|17732000	0.190	0.080	0.158	0.573	HYID8086500|17731000	0.105	0.026	0.053	0.184	0.000	0.000	0.079	0.105	0.053	0.079	0.000	0.053	0.053	0.211	0.000	11	5	9	32	4	1	2	7	0	0	3	4	2	3	0	2	2	8	0
HYID8088500|17733000	0.448	0.280	0.242	0.030	HYID8087000|17732000	0.100	0.000	0.000	0.000	0.000	0.000	0.050	0.050	0.100	0.100	0.000	0.100	0.150	0.350	0.000	11	7	6	1	2	0	0	0	0	0	1	1	2	2	0	2	3	7	0
HYID8087500|17730000	0.312	0.033	0.643	0.013	HYID8086500|17730500	0.000	0.125	0.156	0.031	0.000	0.031	0.031	0.031	0.031	0.031	0.031	0.000	0.062	0.125	0.312	14	1	28	1	0	4	5	1	0	1	1	1	1	1	1	0	2	4	10
HYID8087500|17733000	0.688	0.146	0.080	0.086	HYID8087500|17731500	0.333	0.000	0.000	0.000	0.222	0.000	0.000	0.111	0.000	0.111	0.222	0.000	0.000	0.000	0.000	7	1	1	1	3	0	0	0	2	0	0	1	0	1	2	0	0	0	0
HYID8086500|17733000	0.113	0.225	0.382	0.279	HYID8089000|17730000	0.095	0.000	0.238	0.000	0.048	0.000	0.000	0.095	0.095	0.238	0.143	0.000	0.048	0.000	0.000	3	6	11	8	2	0	5	0	1	0	0	2	2	5	3	0	1	0	0
HYID8086000|17731000	0.122	0.450	0.234	0.194	HYID8086000|17732000	0.000	0.081	0.027	0.122	0.068	0.054	0.135	0.041	0.000	0.014	0.054	0.176	0.068	0.162	0.000	6	20	11	9	0	6	2	9	5	4	10	3	0	1	4	13	5	12	0
HYID8088500|17732000	0.239	0.220	0.192	0.349	HYID8086500|17730000	0.000	0.167	0.000	0.167	0.000	0.167	0.000	0.167	0.000	0.000	0.000	0.167	0.167	0.000	0.000	1	1	1	2	0	1	0	1	0	1	0	1	0	0	0	1	1	0	0
HYID8086500|17730500	0.026	0.040	0.573	0.361	HYID8087000|17732500	0.429	0.143	0.000	0.000	0.000	0.000	0.000	0.000	0.000	0.000	0.143	0.000	0.143	0.000	0.143	0	0	5	3	3	1	0	0	0	0	0	0	0	0	1	0	1	0	1
HYID8088500|17732500	0.169	0.537	0.267	0.028	HYID8087500|17730000	0.086	0.200	0.000	0.029	0.057	0.057	0.057	0.114	0.029	0.029	0.057	0.029	0.029	0.229	0.000	3	11	5	1	3	7	0	1	2	2	2	4	1	1	2	1	1	8	0
HYID8087000|17732500	0.123	0.164	0.230	0.484	HYID8087500|17730500	0.083	0.000	0.083	0.083	0.083	0.000	0.083	0.167	0.000	0.000	0.167	0.250	0.000	0.000	0.000	1	2	2	5	1	0	1	1	1	0	1	2	0	0	2	3	0	0	0
HYID8088500|17731000	0.008	0.689	0.051	0.251	HYID8087000|17730500	0.041	0.000	0.082	0.082	0.082	0.082	0.020	0.245	0.061	0.082	0.041	0.041	0.020	0.041	0.082	0	24	2	9	2	0	4	4	4	4	1	12	3	4	2	2	1	2	4
HYID8088000|17730000	0.069	0.744	0.124	0.063	HYID8086500|17733000	0.375	0.000	0.000	0.000	0.125	0.000	0.125	0.000	0.000	0.125	0.000	0.000	0.000	0.250	0.000	0	5	1	0	3	0	0	0	1	0	1	0	0	1	0	0	0	2	0
HYID8087000|17733500	0.256	0.028	0.376	0.340	HYID8087500|17730000	0.029	0.088	0.059	0.176	0.029	0.000	0.029	0.059	0.118	0.000	0.206	0.059	0.029	0.000	0.118	6	1	9	8	1	3	2	6	1	0	1	2	4	0	7	2	1	0	4
HYID8087000|17731500	0.261	0.308	0.306	0.126	HYID8086500|17731500	0.000	0.000	0.032	0.065	0.000	0.097	0.065	0.065	0.226	0.097	0.000	0.032	0.032	0.032	0.258	6	7	7	3	0	0	1	2	0	3	2	2	7	3	0	1	1	1	8
HYID8088500|17733000	0.030	0.061	0.600	0.309	HYID8087500|17732000	0.095	0.048	0.048	0.000	0.000	0.048	0.095	0.048	0.000	0.095	0.048	0.143	0.048	0.143	0.143	0	1	10	5	2	1	1	0	0	1	2	1	0	2	1	3	1	3	3
HYID8086000|17732500	0.162	0.604	0.060	0.174	HYID8089000|17731500	0.051	0.000	0.026	0.179	0.000	0.205	0.026	0.077	0.103	0.000	0.026	0.026	0.128	0.103	0.051	7	26	3	7	2	0	1	7	0	8	1	3	4	0	1	1	5	4	2
HYID8089000|17732500	0.424	0.065	0.320	0.191	HYID8086000|17732500	0.222	0.111	0.111	0.000	0.000	0.000	0.000	0.000	0.000	0.000	0.111	0.111	0.111	0.111	0.111	2	0	2	1	2	1	1	0	0	0	0	0	0	0	1	1	1	1	1
HYID8088500|17732500	0.101	0.184	0.551	0.163	HYID8086000|17733000	0.500	0.000	0.000	0.167	0.000	0.000	0.000	0.000	0.000	0.000	0.000	0.167	0.167	0.000	0.000	0	1	2	1	3	0	0	1	0	0	0	0	0	0	0	1	1	0	0
HYID8087500|17730500	0.262	0.391	0.123	0.223	HYID8089500|17731000	0.000	0.200	0.100	0.100	0.100	0.000	0.000	0.000	0.100	0.100	0.000	0.200	0.000	0.100	0.000	2	3	1	2	0	2	1	1	1	0	0	0	1	1	0	2	0	1	0
HYID8088500|17731000	0.126	0.196	0.472	0.206	HYID8086500|17733000	0.118	0.118	0.059	0.118	0.000	0.000	0.000	0.059	0.059	0.059	0.176	0.118	0.118	0.000	0.000	2	3	8	3	2	2	1	2	0	0	0	1	1	1	3	2	2	0	0
HYID8088000|17731500	0.002	0.008	0.803	0.187	HYID8087500|17731000	0.429	0.000	0.143	0.000	0.000	0.143	0.143	0.000	0.143	0.000	0.000	0.000	0.000	0.000	0.000	0	0	3	1	3	0	1	0	0	1	1	0	1	0	0	0	0	0	0
HYID8088500|17731500	0.280	0.486	0.183	0.050	HYID8087500|17733500	0.091	0.045	0.000	0.364	0.045	0.000	0.091	0.045	0.000	0.091	0.000	0.136	0.000	0.045	0.045	9	16	6	2	2	1	0	8	1	0	2	1	0	2	0	3	0	1	1
HYID8087000|17730000	0.194	0.142	0.239	0.424	HYID8089000|17731500	0.250	0.250	0.125	0.000	0.125	0.000	0.125	0.125	0.000	0.000	0.000	0.000	0.000	0.000	0.000	1	1	2	3	2	2	1	0	1	0	1	1	0	0	0	0	0	0	0
HYID8086000|17732000	0.012	0.005	0.714	0.269	HYID8088000|17732500	0.143	0.029	0.429	0.057	0.057	0.086	0.000	0.000	0.086	0.000	0.029	0.029	0.057	0.000	0.000	0	0	20	7	5	1	15	2	2	3	0	0	3	0	1	1	2	0	0
HYID8086500|17730500	0.385	0.016	0.207	0.391	HYID8088000|17733000	0.500	0.000	0.000	0.500	0.000	0.000	0.000	0.000	0.000	0.000	0.000	0.000	0.000	0.000	0.000	1	0	0	1	1	0	0	1	0	0	0	0	0	0	0	0	0	0	0
HYID8088000|17732500	0.460	0.191	0.217	0.132	HYID8089500|17732500	0.000	0.000	0.111	0.000	0.111	0.111	0.111	0.111	0.000	0.333	0.000	0.000	0.000	0.000	0.111	6	2	3	2	0	0	1	0	1	1	1	1	0	3	0	0	0	0	1
HYID8086000|17732500	0.068	0.469	0.263	0.201	HYID8087500|17733000	0.250	0.000	0.000	0.000	0.000	0.000	0.000	0.250	0.250	0.000	0.000	0.000	0.000	0.000	0.250	0	2	1	1	1	0	0	0	0	0	0	1	1	0	0	0	0	0	1
HYID8089500|17733000	0.252	0.076	0.649	0.023	HYID8086000|17732000	0.400	0.000	0.200	0.200	0.000	0.000	0.000	0.000	0.000	0.200	0.000	0.000	0.000	0.000	0.000	1	0	2	0	2	0	1	1	0	0	0	0	0	1	0	0	0	0	0
HYID8088000|17732500	0.626	0.019	0.152	0.203	HYID8087000|17730000	0.000	0.067	0.067	0.000	0.267	0.067	0.000	0.000	0.067	0.067	0.000	0.133	0.133	0.067	0.067	10	0	2	3	0	1	1	0	4	1	0	0	1	1	0	2	2	1	1
HYID8088500|17731000	0.253	0.207	0.497	0.044	HYID8088500|17731500	0.040	0.000	0.080	0.000	0.040	0.040	0.120	0.000	0.160	0.200	0.040	0.080	0.000	0.080	0.120	6	5	12	1	1	0	2	0	1	1	3	0	4	5	1	2	0	2	3
HYID8087000|17733500	0.136	0.088	0.117	0.659	HYID8087000|17730500	0.111	0.000	0.111	0.111	0.000	0.000	0.222	0.222	0.111	0.000	0.000	0.000	0.111	0.000	0.000	1	1	1	5	1	0	1	1	0	0	2	2	1	0	0	0	1	0	0
HYID8086000|17731500	0.250	0.565	0.129	0.056	HYID8088500|17733000	0.100	0.000	0.000	0.100	0.100	0.000	0.100	0.100	0.100	0.000	0.100	0.100	0.200	0.000	0.000	4	8	2	1	1	0	0	1	1	0	1	1	1	0	1	1	2	0	0
HYID8087500|17731000	0.331	0.080	0.397	0.191	HYID8089000|17730500	0.000	0.250	0.000	0.050	0.000	0.000	0.250	0.050	0.050	0.100	0.000	0.150	0.050	0.000	0.050	9	2	11	5	0	5	0	1	0	0	5	1	1	2	0	3	1	0	1
HYID8089000|17733000	0.162	0.549	0.245	0.043	HYID8088500|17730500	0.333	0.000	0.000	0.000	0.000	0.167	0.167	0.167	0.000	0.000	0.000	0.167	0.000	0.000	0.000	1	4	2	0	2	0	0	0	0	1	1	1	0	0	0	1	0	0	0
HYID8089000|17731000	0.073	0.094	0.148	0.685	HYID8089000|17730500	0.120	0.060	0.020	0.040	0.000	0.220	0.020	0.160	0.180	0.000	0.020	0.140	0.020	0.000	0.000	2	3	4	19	6	3	1	2	0	11	1	8	9	0	1	7	1	0	0
HYID8088000|17730000	0.022	0.340	0.599	0.039	HYID8089000|17732000	0.000	0.000	0.000	0.042	0.250	0.083	0.083	0.042	0.000	0.000	0.083	0.042	0.042	0.042	0.292	1	8	15	1	0	0	0	1	6	2	2	1	0	0	2	1	1	1	7
HYID8088000|17731500	0.464	0.082	0.005	0.448	HYID8087000|17732000	0.038	0.000	0.000	0.500	0.000	0.000	0.000	0.154	0.038	0.000	0.000	0.038	0.077	0.077	0.077	18	3	0	17	1	0	0	13	0	0	0	4	1	0	0	1	2	2	2
HYID8089500|17732500	0.546	0.101	0.245	0.109	HYID8086000|17733500	0.062	0.000	0.000	0.188	0.062	0.188	0.000	0.125	0.062	0.000	0.062	0.062	0.125	0.000	0.062	12	2	6	2	1	0	0	3	1	3	0	2	1	0	1	1	2	0	1
HYID8087500|17730500	0.392	0.294	0.077	0.237	HYID8086000|17731500	0.053	0.105	0.053	0.211	0.053	0.000	0.053	0.000	0.263	0.000	0.053	0.053	0.000	0.105	0.000	5	4	1	3	1	2	1	4	1	0	1	0	5	0	1	1	0	2	0
HYID8087500|17731500	0.587	0.075	0.185	0.153	HYID8086000|17731000	0.123	0.000	0.062	0.198	0.049	0.049	0.086	0.049	0.025	0.074	0.000	0.185	0.086	0.012	0.000	33	4	10	9	10	0	5	16	4	4	7	4	2	6	0	15	7	1	0
HYID8089500|17730000	0.568	0.006	0.371	0.055	HYID8087000|17730000	0.083	0.000	0.250	0.000	0.000	0.000	0.000	0.000	0.083	0.083	0.000	0.083	0.000	0.250	0.167	4	0	3	0	1	0	3	0	0	0	0	0	1	1	0	1	0	3	2
HYID8086500|17732500	0.011	0.125	0.172	0.691	HYID8086000|17730000	0.200	0.000	0.000	0.100	0.100	0.000	0.000	0.000	0.000	0.100	0.200	0.000	0.100	0.100	0.100	0	2	2	9	2	0	0	1	1	0	0	0	0	1	2	0	1	1	1
HYID8088000|17731500	0.034	0.715	0.233	0.019	HYID8089000|17731000	0.000	0.100	0.000	0.100	0.000	0.000	0.000	0.100	0.000	0.100	0.200	0.300	0.100	0.000	0.000	0	7	2	0	0	1	0	1	0	0	0	1	0	1	2	3	1	0	0
HYID8087500|17731000	0.305	0.120	0.553	0.022	HYID8089500|17733000	0.600	0.000	0.000	0.000	0.000	0.000	0.000	0.200	0.000	0.000	0.000	0.000	0.000	0.200	0.000	1	1	2	0	3	0	0	0	0	0	0	1	0	0	0	0	0	1	0
HYID8088500|17730500	0.788	0.024	0.124	0.064	HYID8089500|17731500	0.333	0.167	0.167	0.000	0.000	0.000	0.167	0.000	0.000	0.000	0.000	0.000	0.000	0.000	0.167	4	0	1	0	2	1	1	0	0	0	1	0	0	0	0	0	0	0	1
HYID8086500|17732000	0.607	0.181	0.154	0.058	HYID8088500|17733000	0.286	0.143	0.000	0.000	0.000	0.000	0.286	0.000	0.000	0.000	0.000	0.000	0.000	0.000	0.286	3	1	1	0	2	1	0	0	0	0	2	0	0	0	0	0	0	0	2
HYID8086000|17732500	0.005	0.129	0.107	0.759	HYID8089000|17730000	0.100	0.000	0.000	0.200	0.100	0.100	0.000	0.300	0.000	0.000	0.000	0.100	0.000	0.000	0.100	0	2	1	10	1	0	0	2	1	1	0	3	0	0	0	1	0	0	1
HYID8086000|17733500	0.158	0.406	0.152	0.284	HYID8088500|17730000	0.077	0.154	0.000	0.000	0.077	0.000	0.231	0.077	0.077	0.000	0.077	0.077	0.154	0.000	0.000	2	5	2	3	1	2	0	0	1	0	3	1	1	0	1	1	2	0	0
HYID8087000|17731500	0.183	0.150	0.222	0.446	HYID8087000|17733000	0.059	0.059	0.000	0.059	0.118	0.000	0.000	0.176	0.059	0.000	0.294	0.059	0.000	0.059	0.059	2	2	3	6	1	1	0	1	2	0	0	3	1	0	5	1	0	1	1
HYID8086500|17730500	0.220	0.073	0.299	0.408	HYID8089000|17730000	0.429	0.143	0.000	0.000	0.143	0.000	0.000	0.000	0.143	0.000	0.143	0.000	0.000	0.000	0.000	2	1	3	3	3	1	0	0	1	0	0	0	1	0	1	0	0	0	0
HYID8086500|17733000	0.098	0.172	0.430	0.300	HYID8087500|17730000	0.043	0.174	0.000	0.000	0.043	0.000	0.043	0.043	0.000	0.261	0.000	0.000	0.043	0.087	0.261	3	4	11	8	1	4	0	0	1	0	1	1	0	6	0	0	1	2	6
HYID8088500|17732000	0.390	0.036	0.281	0.294	HYID8086000|17731500	0.130	0.130	0.087	0.130	0.000	0.261	0.043	0.043	0.000	0.000	0.043	0.087	0.043	0.000	0.000	11	1	8	8	3	3	2	3	0	6	1	1	0	0	1	2	1	0	0
HYID8087000|17732500	0.420	0.140	0.115	0.325	HYID8089500|17733000	0.182	0.182	0.091	0.091	0.000	0.000	0.091	0.091	0.000	0.091	0.000	0.182	0.000	0.000	0.000	6	2	2	5	2	2	1	1	0	0	1	1	0	1	0	2	0	0	0
HYID8088500|17730000	0.235	0.368	0.214	0.183	HYID8086500|17732500	0.429	0.143	0.000	0.000	0.143	0.000	0.000	0.000	0.000	0.000	0.143	0.000	0.000	0.143	0.000	1	2	1	1	3	1	0	0	1	0	0	0	0	0	1	0	0	1	0
HYID8087000|17731000	0.084	0.059	0.388	0.469	HYID8088500|17730000	0.043	0.000	0.000	0.000	0.087	0.087	0.304	0.174	0.000	0.043	0.174	0.000	0.000	0.000	0.087	1	1	4	5	1	0	0	0	2	2	7	4	0	1	4	0	0	0	2
HYID8089000|17732500	0.027	0.122	0.363	0.488	HYID8087000|17733000	0.000	0.188	0.062	0.062	0.188	0.062	0.062	0.125	0.000	0.062	0.000	0.062	0.000	0.062	0.062	0	1	3	4	0	3	1	1	3	1	1	2	0	1	0	1	0	1	1
HYID8086500|17733000	0.035	0.423	0.417	0.126	HYID8087000|17733000	0.222	0.000	0.000	0.000	0.000	0.000	0.000	0.111	0.000	0.222	0.000	0.333	0.000	0.000	0.111	0	5	5	1	2	0	0	0	0	0	0	1	0	2	0	3	0	0	1
HYID8087000|17731500	0.598	0.252	0.122	0.029	HYID8086000|17733000	0.000	0.071	0.000	0.286	0.071	0.000	0.000	0.071	0.000	0.071	0.000	0.429	0.000	0.000	0.000	12	5	2	1	0	1	0	4	1	0	0	1	0	1	0	6	0	0	0
HYID8086000|17733000	0.133	0.185	0.228	0.454	HYID8089000|17733000	0.214	0.143	0.071	0.071	0.000	0.000	0.071	0.000	0.000	0.000	0.000	0.143	0.071	0.214	0.000	2	2	3	5	3	2	1	1	0	0	1	0	0	0	0	2	1	3	0
HYID8087000|17733000	0.172	0.119	0.385	0.323	HYID8089000|17730500	0.600	0.000	0.000	0.000	0.000	0.200	0.000	0.000	0.000	0.000	0.000	0.000	0.200	0.000	0.000	1	1	2	2	3	0	0	0	0	1	0	0	0	0	0	0	1	0	0
HYID8089500|17731000	0.095	0.254	0.069	0.582	HYID8087000|17733500	0.167	0.167	0.083	0.000	0.083	0.000	0.083	0.000	0.000	0.250	0.083	0.000	0.083	0.000	0.000	1	4	1	9	2	2	1	0	1	0	1	0	0	3	1	0	1	0	0
HYID8088500|17733000	0.406	0.262	0.002	0.330	HYID8087500|17731000	0.500	0.250	0.000	0.000	0.000	0.000	0.000	0.000	0.000	0.000	0.250	0.000	0.000	0.000	0.000	2	2	0	2	2	1	0	0	0	0	0	0	0	0	1	0	0	0	0
HYID8086500|17731000	0.411	0.368	0.103	0.118	HYID8086000|17733000	0.195	0.146	0.049	0.073	0.073	0.122	0.049	0.000	0.049	0.000	0.049	0.024	0.049	0.073	0.049	16	15	4	5	8	6	2	3	3	5	2	0	2	0	2	1	2	3	2
HYID8089000|17730500	0.178	0.108	0.263	0.451	HYID8087000|17732000	0.059	0.118	0.059	0.000	0.029	0.235	0.088	0.059	0.059	0.059	0.059	0.176	0.000	0.000	0.000	4	2	6	10	2	4	2	0	1	8	3	2	2	2	2	6	0	0	0
HYID8086000|17732500	0.545	0.218	0.117	0.120	HYID8089000|17732500	0.000	0.000	0.000	0.000	0.000	0.111	0.111	0.000	0.111	0.111	0.333	0.000	0.000	0.111	0.111	6	2	1	1	0	0	0	0	0	1	1	0	1	1	3	0	0	1	1
HYID8089000|17732000	0.131	0.713	0.028	0.128	HYID8088500|17732000	0.079	0.000	0.026	0.053	0.105	0.026	0.079	0.000	0.026	0.000	0.000	0.237	0.263	0.026	0.079	7	36	1	6	3	0	1	2	4	1	3	0	1	0	0	9	10	1	3
HYID8086000|17730500	0.099	0.415	0.483	0.002	HYID8089000|17732000	1.000	0.000	0.000	0.000	0.000	0.000	0.000	0.000	0.000	0.000	0.000	0.000	0.000	0.000	0.000	0	1	1	0	2	0	0	0	0	0	0	0	0	0	0	0	0	0	0
HYID8086500|17733000	0.473	0.139	0.359	0.030	HYID8088000|17732000	0.000	0.000	0.167	0.000	0.000	0.000	0.167	0.167	0.167	0.000	0.000	0.167	0.000	0.000	0.167	4	1	3	0	0	0	1	0	0	0	1	1	1	0	0	1	0	0	1
HYID8087500|17730500	0.624	0.191	0.033	0.151	HYID8089000|17732500	0.100	0.000	0.000	0.100	0.100	0.000	0.000	0.100	0.200	0.200	0.000	0.000	0.100	0.100	0.000	5	2	0	1	1	0	0	1	1	0	0	1	2	2	0	0	1	1	0
HYID8086000|17733000	0.441	0.061	0.013	0.485	HYID8088000|17732500	0.333	0.000	0.000	0.167	0.000	0.000	0.167	0.000	0.167	0.000	0.000	0.000	0.000	0.000	0.167	3	0	0	3	2	0	0	1	0	0	1	0	1	0	0	0	0	0	1
HYID8086000|17730000	0.541	0.158	0.127	0.174	HYID8086000|17730500	0.040	0.040	0.220	0.100	0.020	0.060	0.000	0.020	0.060	0.060	0.020	0.140	0.060	0.140	0.020	21	6	5	7	2	2	11	5	1	3	0	1	3	3	1	7	3	7	1
HYID8089500|17732500	0.108	0.170	0.533	0.189	HYID8086500|17733000	0.000	0.211	0.000	0.035	0.070	0.175	0.088	0.053	0.018	0.000	0.035	0.035	0.018	0.018	0.246	6	9	29	10	0	12	0	2	4	10	5	3	1	0	2	2	1	1	14
HYID8089500|17732500	0.128	0.006	0.349	0.517	HYID8086000|17732000	0.250	0.000	0.000	0.250	0.000	0.250	0.000	0.000	0.000	0.000	0.000	0.250	0.000	0.000	0.000	0	0	1	2	1	0	0	1	0	1	0	0	0	0	0	1	0	0	0
HYID8089000|17732500	0.574	0.102	0.239	0.085	HYID8087500|17731000	0.000	0.143	0.000	0.143	0.000	0.000	0.143	0.000	0.143	0.143	0.143	0.000	0.143	0.000	0.000	3	0	1	0	0	1	0	1	0	0	1	0	1	1	1	0	1	0	0
HYID8089500|17732000	0.187	0.369	0.295	0.149	HYID8089000|17731500	0.069	0.000	0.000	0.034	0.414	0.103	0.000	0.000	0.034	0.138	0.000	0.034	0.000	0.103	0.069	3	6	5	2	2	0	0	1	12	3	0	0	1	4	0	1	0	3	2
HYID8088000|17731500	0.378	0.386	0.125	0.110	HYID8087000|17733500	0.041	0.000	0.102	0.102	0.020	0.061	0.102	0.061	0.041	0.041	0.020	0.245	0.000	0.020	0.143	22	22	7	6	2	0	5	5	1	3	5	3	2	2	1	12	0	1	7
HYID8087000|17732500	0.155	0.218	0.138	0.489	HYID8087500|17733000	0.111	0.000	0.000	0.000	0.000	0.111	0.000	0.333	0.222	0.111	0.000	0.000	0.111	0.000	0.000	2	3	2	6	1	0	0	0	0	1	0	3	2	1	0	0	1	0	0
HYID8086000|17731000	0.237	0.045	0.489	0.229	HYID8087000|17733000	0.062	0.000	0.000	0.125	0.000	0.062	0.188	0.062	0.062	0.062	0.062	0.125	0.188	0.000	0.000	3	1	6	3	1	0	0	2	0	1	3	1	1	1	1	2	3	0	0
HYID8089000|17732500	0.223	0.429	0.294	0.054	HYID8087500|17731500	0.062	0.000	0.000	0.109	0.016	0.156	0.047	0.094	0.031	0.031	0.047	0.344	0.031	0.000	0.031	13	25	18	3	4	0	0	7	1	10	3	6	2	2	3	22	2	0	2
HYID8086500|17732000	0.753	0.065	0.163	0.019	HYID8089500|17732500	0.333	0.333	0.000	0.000	0.000	0.000	0.000	0.000	0.000	0.000	0.333	0.000	0.000	0.000	0.000	1	0	0	0	1	1	0	0	0	0	0	0	0	0	1	0	0	0	0
HYID8087500|17731500	0.130	0.191	0.257	0.422	HYID8089500|17731000	0.400	0.000	0.000	0.000	0.000	0.000	0.000	0.400	0.000	0.000	0.000	0.000	0.200	0.000	0.000	1	1	1	2	2	0	0	0	0	0	0	2	0	0	0	0	1	0	0
HYID8089000|17731500	0.073	0.012	0.575	0.340	HYID8086500|17732500	0.111	0.444	0.000	0.111	0.111	0.000	0.000	0.000	0.000	0.111	0.000	0.111	0.000	0.000	0.000	1	0	4	2	1	4	0	1	1	0	0	0	0	1	0	1	0	0	0
HYID8087000|17732000	0.650	0.252	0.052	0.047	HYID8089000|17732000	0.444	0.000	0.000	0.000	0.000	0.111	0.000	0.000	0.222	0.000	0.111	0.000	0.111	0.000	0.000	6	2	0	0	4	0	0	0	0	1	0	0	2	0	1	0	1	0	0
HYID8087000|17730000	0.331	0.011	0.211	0.447	HYID8089000|17730500	0.000	0.000	0.037	0.222	0.000	0.074	0.000	0.074	0.037	0.148	0.037	0.074	0.074	0.148	0.074	13	0	8	17	0	0	1	6	0	2	0	2	1	4	1	2	2	4	2
HYID8086000|17730500	0.073	0.257	0.409	0.262	HYID8089500|17730500	0.000	0.071	0.000	0.071	0.000	0.071	0.071	0.143	0.000	0.214	0.071	0.000	0.143	0.143	0.000	1	3	5	3	0	1	0	1	0	1	1	2	0	3	1	0	2	2	0
HYID8089000|17730500	0.145	0.183	0.326	0.346	HYID8087500|17730000	0.750	0.000	0.000	0.250	0.000	0.000	0.000	0.000	0.000	0.000	0.000	0.000	0.000	0.000	0.000	1	1	2	2	3	0	0	1	0	0	0	0	0	0	0	0	0	0	0
HYID8089000|17730000	0.155	0.029	0.765	0.051	HYID8086000|17730500	0.059	0.118	0.118	0.000	0.000	0.000	0.235	0.059	0.000	0.059	0.059	0.000	0.118	0.059	0.118	3	1	16	1	1	2	2	0	0	0	4	1	0	1	1	0	2	1	2
HYID8087000|17731500	0.093	0.491	0.032	0.385	HYID8087500|17731500	0.111	0.111	0.167	0.000	0.056	0.222	0.000	0.056	0.056	0.000	0.000	0.000	0.111	0.000	0.111	1	6	0	5	2	2	3	0	1	4	0	1	1	0	0	0	2	0	2
HYID8086000|17732500	0.174	0.121	0.429	0.275	HYID8088000|17731500	0.108	0.027	0.000	0.000	0.054	0.054	0.216	0.162	0.054	0.027	0.054	0.000	0.000	0.054	0.189	5	4	13	9	4	1	0	0	2	2	8	6	2	1	2	0	0	2	7
HYID8089500|17732000	0.370	0.351	0.218	0.061	HYID8086500|17730500	0.429	0.000	0.000	0.000	0.000	0.000	0.000	0.143	0.000	0.000	0.000	0.000	0.286	0.143	0.000	2	2	1	0	3	0	0	0	0	0	0	1	0	0	0	0	2	1	0
HYID8088000|17731500	0.006	0.669	0.139	0.186	HYID8086500|17731500	0.200	0.000	0.000	0.000	0.000	0.000	0.200	0.100	0.200	0.000	0.000	0.100	0.100	0.100	0.000	0	6	1	2	2	0	0	0	0	0	2	1	2	0	0	1	1	1	0
HYID8087500|17733000	0.433	0.302	0.252	0.013	HYID8088000|17732000	0.207	0.000	0.069	0.000	0.138	0.000	0.069	0.000	0.069	0.034	0.069	0.034	0.276	0.034	0.000	17	12	10	1	6	0	2	0	4	0	2	0	2	1	2	1	8	1	0
HYID8086500|17732000	0.188	0.214	0.598	0.000	HYID8088500|17730500	0.174	0.000	0.000	0.043	0.000	0.000	0.130	0.130	0.043	0.043	0.000	0.043	0.348	0.000	0.043	4	5	14	0	4	0	0	1	0	0	3	3	1	1	0	1	8	0	1
HYID8088000|17730000	0.158	0.400	0.385	0.056	HYID8088000|17731000	0.069	0.000	0.103	0.138	0.034	0.069	0.000	0.000	0.000	0.207	0.069	0.000	0.172	0.034	0.103	4	11	11	2	2	0	3	4	1	2	0	0	0	6	2	0	5	1	3
HYID8088500|17732500	0.038	0.136	0.299	0.527	HYID8089000|17731000	0.250	0.000	0.000	0.000	0.000	0.500	0.000	0.000	0.000	0.000	0.000	0.250	0.000	0.000	0.000	0	0	1	1	1	0	0	0	0	2	0	0	0	0	0	1	0	0	0
HYID8087000|17732000	0.052	0.015	0.753	0.181	HYID8089000|17731500	0.048	0.000	0.000	0.048	0.048	0.000	0.143	0.143	0.048	0.000	0.048	0.190	0.000	0.143	0.143	1	0	13	3	1	0	0	1	1	0	3	3	1	0	1	4	0	3	3
HYID8089000|17732000	0.545	0.164	0.208	0.084	HYID8088500|17731000	0.250	0.000	0.000	0.250	0.125	0.000	0.000	0.125	0.125	0.000	0.000	0.125	0.000	0.000	0.000	6	2	2	1	2	0	0	2	1	0	0	1	1	0	0	1	0	0	0
HYID8086500|17732000	0.021	0.058	0.432	0.489	HYID8088000|17732500	0.053	0.053	0.000	0.053	0.000	0.053	0.053	0.105	0.000	0.053	0.105	0.158	0.211	0.000	0.105	0	1	7	7	1	1	0	1	0	1	1	2	0	1	2	3	4	0	2
HYID8086500|17732000	0.262	0.127	0.238	0.372	HYID8087500|17731000	0.200	0.200	0.000	0.200	0.000	0.000	0.000	0.000	0.200	0.000	0.200	0.000	0.000	0.000	0.000	2	1	1	2	1	1	0	1	0	0	0	0	1	0	1	0	0	0	0
HYID8088500|17730000	0.564	0.109	0.159	0.167	HYID8087000|17731500	0.200	0.100	0.000	0.150	0.000	0.250	0.050	0.050	0.050	0.050	0.000	0.000	0.000	0.100	0.000	6	1	2	2	4	2	0	3	0	5	1	1	1	1	0	0	0	2	0
HYID8086500|17732000	0.451	0.151	0.084	0.314	HYID8089000|17731000	0.333	0.167	0.000	0.000	0.000	0.000	0.000	0.167	0.167	0.167	0.000	0.000	0.000	0.000	0.000	2	1	0	1	2	1	0	0	0	0	0	1	1	1	0	0	0	0	0
HYID8089500|17732500	0.577	0.307	0.051	0.064	HYID8087000|17730500	0.500	0.000	0.000	0.000	0.000	0.250	0.000	0.000	0.000	0.000	0.000	0.000	0.000	0.000	0.250	2	1	0	0	2	0	0	0	0	1	0	0	0	0	0	0	0	0	1
HYID8087000|17731000	0.060	0.241	0.151	0.548	HYID8086500|17732500	0.071	0.000	0.000	0.036	0.286	0.000	0.143	0.107	0.036	0.036	0.036	0.107	0.036	0.036	0.071	2	9	6	22	2	0	0	1	8	0	4	3	1	1	1	3	1	1	2
HYID8088000|17732000	0.074	0.874	0.052	0.000	HYID8089000|17730500	0.056	0.000	0.056	0.000	0.056	0.167	0.000	0.111	0.111	0.000	0.056	0.056	0.056	0.222	0.056	1	11	1	0	1	0	1	0	1	3	0	2	2	0	1	1	1	4	1
HYID8086500|17730000	0.350	0.416	0.164	0.070	HYID8086500|17731000	0.083	0.083	0.000	0.083	0.167	0.000	0.167	0.083	0.000	0.000	0.000	0.167	0.083	0.000	0.083	5	6	2	1	1	1	0	1	2	0	2	1	0	0	0	2	1	0	1
HYID8088000|17731000	0.014	0.652	0.115	0.219	HYID8089500|17732500	0.045	0.045	0.045	0.068	0.068	0.227	0.068	0.045	0.205	0.045	0.000	0.045	0.000	0.023	0.068	0	19	3	6	2	2	2	3	3	10	3	2	9	2	0	2	0	1	3
HYID8087000|17731500	0.743	0.127	0.010	0.121	HYID8086000|17733500	0.222	0.111	0.111	0.111	0.000	0.111	0.000	0.000	0.000	0.000	0.000	0.000	0.000	0.222	0.111	7	1	0	1	2	1	1	1	0	1	0	0	0	0	0	0	0	2	1
HYID8087000|17733500	0.385	0.118	0.465	0.031	HYID8086000|17732500	0.176	0.059	0.176	0.059	0.000	0.235	0.000	0.059	0.000	0.000	0.059	0.059	0.059	0.059	0.000	7	2	9	1	3	1	3	1	0	4	0	1	0	0	1	1	1	1	0
HYID8088000|17730500	0.516	0.117	0.215	0.152	HYID8089000|17733000	0.200	0.133	0.000	0.000	0.000	0.067	0.133	0.000	0.200	0.000	0.000	0.067	0.000	0.133	0.067	9	2	4	3	3	2	0	0	0	1	2	0	3	0	0	1	0	2	1
HYID8086000|17731000	0.187	0.310	0.047	0.457	HYID8087500|17733000	0.250	0.000	0.000	0.000	0.000	0.125	0.125	0.000	0.000	0.125	0.125	0.250	0.000	0.000	0.000	1	2	0	3	2	0	0	0	0	1	1	0	0	1	1	2	0	0	0
HYID8086000|17731500	0.005	0.559	0.309	0.127	HYID8088000|17731500	0.143	0.000	0.190	0.000	0.048	0.048	0.048	0.000	0.143	0.143	0.000	0.048	0.048	0.095	0.048	0	8	4	2	3	0	4	0	1	1	1	0	3	3	0	1	1	2	1
HYID8087500|17733500	0.368	0.093	0.128	0.411	HYID8089000|17732500	0.000	0.000	0.000	0.100	0.100	0.100	0.000	0.100	0.000	0.100	0.200	0.000	0.100	0.100	0.100	5	1	2	6	0	0	0	1	1	1	0	1	0	1	2	0	1	1	1
HYID8087500|17733000	0.034	0.635	0.115	0.217	HYID8087500|17731000	0.300	0.000	0.100	0.100	0.000	0.000	0.200	0.000	0.000	0.000	0.100	0.000	0.100	0.000	0.100	0	7	1	2	3	0	1	1	0	0	2	0	0	0	1	0	1	0	1
HYID8087000|17730000	0.088	0.467	0.286	0.160	HYID8087500|17731500	0.021	0.021	0.064	0.213	0.149	0.170	0.064	0.021	0.000	0.106	0.021	0.106	0.021	0.021	0.000	3	16	10	5	1	1	3	10	7	8	3	1	0	5	1	5	1	1	0
HYID8089000|17730500	0.351	0.133	0.164	0.352	HYID8086000|17732000	0.000	0.000	0.000	0.200	0.000	0.000	0.000	0.000	0.200	0.000	0.200	0.000	0.000	0.200	0.200	2	1	1	2	0	0	0	1	0	0	0	0	1	0	1	0	0	1	1
HYID8086500|17733000	0.314	0.527	0.021	0.138	HYID8086500|17733500	0.500	0.000	0.000	0.000	0.000	0.250	0.000	0.000	0.000	0.000	0.250	0.000	0.000	0.000	0.000	1	1	0	0	2	0	0	0	0	1	0	0	0	0	1	0	0	0	0
HYID8087500|17730000	0.215	0.226	0.103	0.456	HYID8087000|17733000	0.048	0.167	0.071	0.167	0.095	0.095	0.048	0.000	0.095	0.000	0.000	0.024	0.024	0.024	0.143	9	9	4	19	2	7	3	7	4	4	2	0	4	0	0	1	1	1	6
HYID8087500|17733000	0.259	0.228	0.466	0.047	HYID8088500|17731500	0.009	0.395	0.009	0.018	0.053	0.035	0.018	0.018	0.026	0.061	0.140	0.018	0.096	0.096	0.009	27	24	49	5	1	45	1	2	6	4	2	2	3	7	16	2	11	11	1
HYID8086000|17731000	0.097	0.202	0.264	0.437	HYID8089500|17732000	0.125	0.000	0.125	0.125	0.000	0.000	0.000	0.125	0.125	0.125	0.125	0.125	0.000	0.000	0.000	0	1	1	2	1	0	1	1	0	0	0	1	1	1	1	1	0	0	0
HYID8089500|17733000	0.433	0.265	0.212	0.091	HYID8088000|17730500	0.500	0.000	0.000	0.000	0.500	0.000	0.000	0.000	0.000	0.000	0.000	0.000	0.000	0.000	0.000	1	1	0	0	1	0	0	0	1	0	0	0	0	0	0	0	0	0	0
HYID8086500|17731000	0.528	0.289	0.150	0.033	HYID8086000|17733000	0.091	0.000	0.091	0.000	0.273	0.000	0.000	0.182	0.000	0.182	0.000	0.091	0.091	0.000	0.000	7	4	2	0	1	0	1	0	3	0	0	2	0	2	0	1	1	0	0
HYID8087000|17731500	0.149	0.328	0.281	0.242	HYID8086500|17732000	0.211	0.263	0.000	0.000	0.000	0.053	0.000	0.000	0.053	0.000	0.053	0.000	0.105	0.000	0.263	4	9	8	7	4	5	0	0	0	1	0	0	1	0	1	0	2	0	5
HYID8089500|17732000	0.265	0.661	0.043	0.030	HYID8089500|17731500	0.000	0.000	0.077	0.115	0.192	0.115	0.038	0.038	0.000	0.077	0.038	0.154	0.077	0.038	0.038	8	19	1	1	0	0	2	3	5	3	1	1	0	2	1	4	2	1	1
HYID8089500|17730000	0.056	0.381	0.088	0.475	HYID8088500|17732500	0.000	0.200	0.000	0.000	0.200	0.000	0.200	0.000	0.200	0.000	0.000	0.200	0.000	0.000	0.000	0	2	0	2	0	1	0	0	1	0	1	0	1	0	0	1	0	0	0
HYID8086500|17732000	0.178	0.288	0.243	0.292	HYID8088500|17732000	0.091	0.000	0.000	0.045	0.000	0.091	0.000	0.045	0.091	0.045	0.045	0.045	0.273	0.182	0.045	5	8	7	8	2	0	0	1	0	2	0	1	2	1	1	1	6	4	1
HYID8089000|17731500	0.090	0.136	0.483	0.291	HYID8088000|17730000	0.000	0.130	0.043	0.000	0.000	0.174	0.043	0.130	0.043	0.174	0.043	0.043	0.130	0.000	0.043	2	2	9	5	0	3	1	0	0	4	1	3	1	4	1	1	3	0	1
HYID8089500|17732500	0.101	0.433	0.029	0.437	HYID8086500|17731000	0.667	0.000	0.000	0.000	0.000	0.000	0.000	0.000	0.000	0.000	0.000	0.000	0.000	0.333	0.000	0	2	0	2	2	0	0	0	0	0	0	0	0	0	0	0	0	1	0
HYID8087500|17733500	0.003	0.149	0.036	0.812	HYID8087000|17730500	0.000	0.300	0.050	0.000	0.000	0.150	0.100	0.150	0.000	0.050	0.100	0.050	0.000	0.000	0.050	0	2	0	8	0	6	1	0	0	3	2	3	0	1	2	1	0	0	1
HYID8089500|17732000	0.037	0.011	0.577	0.376	HYID8088000|17732500	0.000	0.183	0.024	0.024	0.012	0.061	0.134	0.024	0.049	0.061	0.061	0.146	0.024	0.024	0.171	2	0	27	18	0	15	2	2	1	5	11	2	4	5	5	12	2	2	14
HYID8086000|17731500	0.277	0.205	0.245	0.272	HYID8087000|17730000	0.118	0.059	0.000	0.000	0.000	0.059	0.000	0.059	0.000	0.176	0.059	0.176	0.118	0.176	0.000	5	4	5	5	2	1	0	0	0	1	0	1	0	3	1	3	2	3	0
HYID8086000|17731500	0.096	0.608	0.212	0.084	HYID8088000|17730500	0.100	0.100	0.000	0.100	0.000	0.100	0.000	0.100	0.000	0.100	0.300	0.000	0.000	0.100	0.000	1	4	1	1	1	1	0	1	0	1	0	1	0	1	3	0	0	1	0
HYID8086500|17731500	0.243	0.693	0.055	0.010	HYID8087500|17732000	0.118	0.000	0.059	0.000	0.059	0.235	0.000	0.000	0.059	0.176	0.118	0.000	0.059	0.118	0.000	5	14	1	0	2	0	1	0	1	4	0	0	1	3	2	0	1	2	0
HYID8086000|17733000	0.223	0.058	0.350	0.369	HYID8086500|17732500	0.026	0.103	0.077	0.077	0.103	0.026	0.154	0.077	0.154	0.051	0.000	0.026	0.026	0.026	0.077	10	3	16	16	1	4	3	3	4	1	6	3	6	2	0	1	1	1	3
HYID8087500|17731000	0.245	0.048	0.338	0.369	HYID8089000|17731500	0.750	0.000	0.000	0.000	0.000	0.000	0.000	0.000	0.250	0.000	0.000	0.000	0.000	0.000	0.000	1	0	1	1	3	0	0	0	0	0	0	0	1	0	0	0	0	0	0
HYID8087000|17730500	0.482	0.237	0.273	0.007	HYID8087500|17733000	0.143	0.000	0.000	0.000	0.000	0.500	0.000	0.071	0.143	0.000	0.071	0.071	0.000	0.000	0.000	6	3	3	0	2	0	0	0	0	7	0	1	2	0	1	1	0	0	0
HYID8088000|17731000	0.576	0.096	0.213	0.114	HYID8089500|17733000	0.222	0.000	0.000	0.000	0.111	0.000	0.111	0.000	0.000	0.000	0.111	0.222	0.000	0.000	0.222	6	1	2	1	2	0	0	0	1	0	1	0	0	0	1	2	0	0	2
HYID8086500|17730000	0.099	0.717	0.110	0.074	HYID8089500|17730000	0.098	0.118	0.176	0.020	0.000	0.020	0.000	0.020	0.000	0.020	0.000	0.000	0.216	0.020	0.294	6	44	7	5	5	6	9	1	0	1	0	1	0	1	0	0	11	1	15
HYID8089000|17730000	0.449	0.054	0.047	0.450	HYID8086500|17733500	0.000	0.125	0.000	0.000	0.000	0.125	0.125	0.000	0.000	0.000	0.375	0.000	0.000	0.250	0.000	5	1	0	5	0	1	0	0	0	1	1	0	0	0	3	0	0	2	0
HYID8088500|17730000	0.219	0.440	0.146	0.196	HYID8088000|17732000	0.151	0.113	0.075	0.038	0.113	0.019	0.019	0.000	0.038	0.132	0.113	0.019	0.132	0.038	0.000	10	19	6	9	8	6	4	2	6	1	1	0	2	7	6	1	7	2	0
HYID8089000|17732500	0.393	0.410	0.044	0.154	HYID8089000|17732000	0.083	0.000	0.000	0.083	0.083	0.000	0.083	0.083	0.000	0.167	0.083	0.167	0.167	0.000	0.000	6	7	1	2	1	0	0	1	1	0	1	1	0	2	1	2	2	0	0
HYID8087500|17732500	0.337	0.304	0.264	0.094	HYID8088500|17730000	0.053	0.000	0.053	0.053	0.158	0.053	0.053	0.000	0.000	0.053	0.105	0.000	0.211	0.000	0.211	5	5	4	2	1	0	1	1	3	1	1	0	0	1	2	0	4	0	4
HYID8086500|17732500	0.788	0.074	0.114	0.023	HYID8088500|17732000	0.000	0.111	0.111	0.056	0.056	0.056	0.056	0.056	0.111	0.056	0.000	0.056	0.111	0.167	0.000	7	1	1	0	0	2	2	1	1	1	1	1	2	1	0	1	2	3	0
HYID8087500|17731500	0.268	0.698	0.013	0.021	HYID8087500|17732500	0.100	0.000	0.000	0.000	0.100	0.000	0.100	0.200	0.100	0.000	0.000	0.000	0.000	0.200	0.200	3	8	0	0	1	0	0	0	1	0	1	2	1	0	0	0	0	2	2
HYID8087500|17732500	0.475	0.074	0.170	0.281	HYID8087000|17732000	0.037	0.037	0.074	0.037	0.037	0.185	0.000	0.037	0.111	0.259	0.000	0.000	0.000	0.148	0.037	10	1	3	6	1	1	2	1	1	5	0	1	3	7	0	0	0	4	1
HYID8086500|17730500	0.198	0.082	0.009	0.710	HYID8088500|17730000	0.054	0.027	0.027	0.027	0.000	0.108	0.108	0.162	0.162	0.081	0.027	0.000	0.162	0.000	0.054	5	2	0	16	2	1	1	1	0	4	4	6	6	3	1	0	6	0	2
HYID8089000|17733000	0.493	0.428	0.044	0.035	HYID8089500|17731500	0.333	0.000	0.083	0.083	0.000	0.000	0.083	0.000	0.083	0.000	0.083	0.083	0.083	0.083	0.000	4	4	0	0	4	0	1	1	0	0	1	0	1	0	1	1	1	1	0
HYID8089000|17731500	0.025	0.693	0.026	0.256	HYID8086000|17733500	0.667	0.000	0.000	0.000	0.000	0.000	0.000	0.000	0.000	0.333	0.000	0.000	0.000	0.000	0.000	0	3	0	1	2	0	0	0	0	0	0	0	0	1	0	0	0	0	0
HYID8086000|17733500	0.135	0.446	0.370	0.049	HYID8087500|17732500	0.267	0.067	0.000	0.133	0.000	0.000	0.000	0.067	0.000	0.067	0.067	0.133	0.000	0.067	0.133	3	9	8	1	4	1	0	2	0	0	0	1	0	1	1	2	0	1	2
HYID8086500|17730500	0.038	0.071	0.397	0.494	HYID8086000|17730500	0.286	0.071	0.071	0.000	0.000	0.000	0.071	0.000	0.071	0.143	0.000	0.000	0.000	0.071	0.214	1	1	8	10	4	1	1	0	0	0	1	0	1	2	0	0	0	1	3
HYID8088500|17731500	0.053	0.063	0.689	0.195	HYID8086500|17733500	0.111	0.111	0.000	0.000	0.000	0.000	0.111	0.111	0.222	0.000	0.000	0.333	0.000	0.000	0.000	0	0	5	1	1	1	0	0	0	0	1	1	2	0	0	3	0	0	0
HYID8086500|17732500	0.037	0.251	0.025	0.687	HYID8086500|17733500	0.053	0.000	0.000	0.053	0.000	0.000	0.105	0.211	0.105	0.000	0.053	0.053	0.263	0.105	0.000	1	5	0	12	1	0	0	1	0	0	2	4	2	0	1	1	5	2	0
HYID8088500|17731500	0.030	0.297	0.422	0.252	HYID8087000|17730500	0.750	0.000	0.000	0.000	0.250	0.000	0.000	0.000	0.000	0.000	0.000	0.000	0.000	0.000	0.000	0	2	2	1	3	0	0	0	1	0	0	0	0	0	0	0	0	0	0
HYID8087000|17731500	0.336	0.108	0.311	0.246	HYID8086000|17733000	0.750	0.000	0.000	0.000	0.250	0.000	0.000	0.000	0.000	0.000	0.000	0.000	0.000	0.000	0.000	1	0	1	1	3	0	0	0	1	0	0	0	0	0	0	0	0	0	0
HYID8086500|17730500	0.618	0.005	0.349	0.029	HYID8086000|17731500	0.071	0.071	0.107	0.107	0.000	0.036	0.107	0.036	0.000	0.000	0.036	0.071	0.000	0.321	0.036	15	0	9	1	2	2	3	3	0	1	3	1	0	0	1	2	0	9	1
HYID8089000|17731000	0.285	0.164	0.162	0.390	HYID8087500|17732000	0.100	0.000	0.000	0.000	0.100	0.000	0.000	0.200	0.100	0.100	0.300	0.000	0.000	0.000	0.100	2	1	1	3	1	0	0	0	1	0	0	2	1	1	3	0	0	0	1
HYID8089000|17730500	0.155	0.456	0.351	0.039	HYID8087000|17731500	0.500	0.000	0.000	0.000	0.000	0.000	0.000	0.000	0.000	0.000	0.000	0.000	0.000	0.500	0.000	0	1	1	0	1	0	0	0	0	0	0	0	0	0	0	0	0	1	0
HYID8087000|17731000	0.315	0.029	0.303	0.353	HYID8089000|17732500	0.042	0.042	0.083	0.000	0.208	0.000	0.167	0.000	0.000	0.083	0.042	0.000	0.125	0.083	0.125	9	1	8	10	1	1	2	0	5	0	4	0	0	2	1	0	3	2	3
HYID8086500|17732500	0.452	0.107	0.106	0.335	HYID8087500|17733500	0.048	0.000	0.190	0.000	0.000	0.000	0.000	0.381	0.000	0.048	0.095	0.048	0.048	0.095	0.048	8	2	2	6	1	0	4	0	0	0	0	8	0	1	2	1	1	2	1
HYID8088500|17732000	0.259	0.500	0.171	0.069	HYID8089500|17732500	0.273	0.000	0.000	0.182	0.000	0.000	0.182	0.000	0.000	0.000	0.091	0.091	0.091	0.000	0.091	1	3	1	0	3	0	0	2	0	0	2	0	0	0	1	1	1	0	1
HYID8088000|17732000	0.065	0.089	0.510	0.336	HYID8089500|17733000	0.000	0.000	0.000	0.000	0.000	0.000	0.000	0.000	0.200	0.000	0.200	0.200	0.200	0.200	0.000	0	1	3	2	0	0	0	0	0	0	0	0	1	0	1	1	1	1	0
HYID8088500|17731000	0.085	0.361	0.037	0.517	HYID8086000|17733500	0.095	0.048	0.000	0.143	0.000	0.000	0.143	0.238	0.048	0.000	0.048	0.000	0.095	0.000	0.143	2	8	1	12	2	1	0	3	0	0	3	5	1	0	1	0	2	0	3
HYID8086500|17733500	0.028	0.551	0.073	0.347	HYID8088500|17730000	0.077	0.154	0.154	0.000	0.000	0.077	0.000	0.077	0.154	0.077	0.000	0.000	0.000	0.154	0.077	0	5	1	3	1	2	2	0	0	1	0	1	2	1	0	0	0	2	1
HYID8088500|17730000	0.033	0.129	0.065	0.774	HYID8089500|17730500	0.000	0.087	0.047	0.039	0.346	0.118	0.008	0.055	0.000	0.016	0.142	0.016	0.031	0.039	0.055	3	13	7	80	0	11	6	5	44	15	1	7	0	2	18	2	4	5	7
HYID8088000|17731000	0.143	0.311	0.056	0.490	HYID8087500|17732500	0.091	0.045	0.045	0.000	0.182	0.000	0.091	0.045	0.000	0.045	0.273	0.045	0.045	0.000	0.091	5	10	2	16	2	1	1	0	4	0	2	1	0	1	6	1	1	0	2
HYID8089500|17730000	0.453	0.035	0.425	0.087	HYID8087500|17732000	0.125	0.000	0.062	0.000	0.125	0.062	0.000	0.062	0.000	0.062	0.000	0.312	0.062	0.062	0.062	8	1	8	2	2	0	1	0	2	1	0	1	0	1	0	5	1	1	1
HYID8088000|17731000	0.129	0.402	0.015	0.455	HYID8087500|17730000	0.294	0.059	0.000	0.176	0.235	0.000	0.000	0.000	0.176	0.059	0.000	0.000	0.000	0.000	0.000	2	7	0	8	5	1	0	3	4	0	0	0	3	1	0	0	0	0	0
HYID8086500|17733500	0.266	0.185	0.415	0.134	HYID8088500|17730000	0.053	0.000	0.053	0.158	0.053	0.000	0.053	0.053	0.211	0.105	0.000	0.105	0.105	0.053	0.000	6	4	9	3	1	0	1	3	1	0	1	1	4	2	0	2	2	1	0
HYID8088500|17731000	0.310	0.520	0.048	0.122	HYID8089500|17731500	0.097	0.032	0.000	0.032	0.290	0.000	0.065	0.194	0.065	0.065	0.000	0.032	0.097	0.000	0.032	14	23	2	5	3	1	0	1	9	0	2	6	2	2	0	1	3	0	1
HYID8089000|17733000	0.631	0.048	0.112	0.209	HYID8088000|17732000	0.130	0.022	0.000	0.065	0.000	0.022	0.043	0.000	0.065	0.043	0.130	0.022	0.000	0.109	0.348	24	2	4	8	6	1	0	3	0	1	2	0	3	2	6	1	0	5	16
HYID8088500|17731500	0.076	0.157	0.360	0.407	HYID8087000|17730500	0.200	0.000	0.100	0.100	0.000	0.100	0.000	0.100	0.000	0.000	0.100	0.100	0.000	0.100	0.100	1	1	3	3	2	0	1	1	0	1	0	1	0	0	1	1	0	1	1
HYID8086500|17732500	0.783	0.103	0.064	0.049	HYID8087000|17730500	0.100	0.100	0.100	0.000	0.000	0.200	0.000	0.100	0.100	0.000	0.100	0.100	0.000	0.000	0.100	7	1	1	0	1	1	1	0	0	2	0	1	1	0	1	1	0	0	1
HYID8087500|17731500	0.135	0.154	0.567	0.144	HYID8089500|17730000	0.222	0.000	0.000	0.111	0.111	0.000	0.000	0.000	0.000	0.111	0.333	0.000	0.000	0.111	0.000	2	2	7	2	2	0	0	1	1	0	0	0	0	1	3	0	0	1	0
HYID8089500|17730500	0.078	0.167	0.007	0.749	HYID8086500|17732000	0.048	0.143	0.048	0.048	0.143	0.095	0.143	0.000	0.095	0.000	0.048	0.000	0.048	0.000	0.143	1	2	0	10	1	3	1	1	3	2	3	0	2	0	1	0	1	0	3
HYID8088500|17732500	0.197	0.010	0.185	0.608	HYID8086000|17730000	0.029	0.057	0.029	0.029	0.229	0.057	0.000	0.086	0.086	0.200	0.000	0.029	0.000	0.057	0.114	5	0	5	15	1	2	1	1	8	2	0	3	3	7	0	1	0	2	4
HYID8087000|17733500	0.187	0.396	0.237	0.179	HYID8087000|17732000	0.091	0.000	0.091	0.000	0.091	0.091	0.000	0.000	0.273	0.091	0.000	0.182	0.000	0.091	0.000	2	3	2	1	1	0	1	0	1	1	0	0	3	1	0	2	0	1	0
HYID8089500|17730500	0.281	0.539	0.036	0.144	HYID8088000|17731500	0.182	0.000	0.091	0.273	0.000	0.000	0.000	0.091	0.000	0.000	0.000	0.000	0.000	0.182	0.182	4	7	0	2	2	0	1	3	0	0	0	1	0	0	0	0	0	2	2
HYID8089000|17732500	0.059	0.557	0.123	0.261	HYID8087500|17731500	0.053	0.053	0.053	0.158	0.158	0.211	0.053	0.105	0.105	0.000	0.000	0.000	0.000	0.053	0.000	1	12	3	6	1	1	1	3	3	4	1	2	2	0	0	0	0	1	0
HYID8089500|17730500	0.240	0.129	0.122	0.509	HYID8086000|17732500	0.125	0.000	0.125	0.125	0.250	0.000	0.125	0.125	0.000	0.000	0.000	0.125	0.000	0.000	0.000	2	1	1	4	1	0	1	1	2	0	1	1	0	0	0	1	0	0	0
HYID8087500|17732500	0.111	0.261	0.426	0.203	HYID8089500|17731500	0.103	0.034	0.069	0.103	0.138	0.034	0.172	0.069	0.172	0.069	0.034	0.000	0.000	0.000	0.000	2	6	10	5	3	1	2	3	4	1	5	2	5	2	1	0	0	0	0
HYID8089500|17732500	0.107	0.282	0.099	0.512	HYID8087500|17732500	1.000	0.000	0.000	0.000	0.000	0.000	0.000	0.000	0.000	0.000	0.000	0.000	0.000	0.000	0.000	0	1	0	1	2	0	0	0	0	0	0	0	0	0	0	0	0	0	0
HYID8087000|17731500	0.029	0.107	0.153	0.711	HYID8088500|17732500	0.125	0.000	0.000	0.000	0.000	0.125	0.125	0.125	0.125	0.125	0.000	0.000	0.125	0.000	0.125	0	0	1	3	1	0	0	0	0	1	1	1	1	1	0	0	1	0	1
HYID8088000|17732500	0.207	0.662	0.126	0.005	HYID8089500|17733000	0.222	0.222	0.000	0.000	0.000	0.222	0.000	0.000	0.000	0.111	0.000	0.000	0.111	0.000	0.111	2	7	1	0	2	2	0	0	0	2	0	0	0	1	0	0	1	0	1
HYID8086000|17731000	0.013	0.319	0.382	0.286	HYID8089500|17732500	1.000	0.000	0.000	0.000	0.000	0.000	0.000	0.000	0.000	0.000	0.000	0.000	0.000	0.000	0.000	0	0	1	0	2	0	0	0	0	0	0	0	0	0	0	0	0	0	0
HYID8088000|17730000	0.086	0.243	0.042	0.629	HYID8089500|17731500	0.500	0.000	0.000	0.000	0.000	0.000	0.000	0.000	0.000	0.000	0.167	0.333	0.000	0.000	0.000	1	2	0	5	3	0	0	0	0	0	0	0	0	0	1	2	0	0	0
HYID8088500|17730000	0.049	0.533	0.265	0.154	HYID8088500|17731500	0.125	0.000	0.250	0.000	0.000	0.000	0.125	0.000	0.000	0.125	0.000	0.125	0.000	0.125	0.125	0	4	2	1	1	0	2	0	0	0	1	0	0	1	0	1	0	1	1
HYID8087000|17731500	0.017	0.492	0.458	0.033	HYID8089000|17730500	0.182	0.000	0.000	0.091	0.000	0.000	0.273	0.091	0.000	0.000	0.091	0.091	0.182	0.000	0.000	0	6	6	0	2	0	0	1	0	0	3	1	0	0	1	1	2	0	0
HYID8089000|17733000	0.683	0.127	0.003	0.187	HYID8087500|17732000	0.000	0.054	0.000	0.027	0.027	0.216	0.027	0.081	0.054	0.081	0.081	0.027	0.108	0.054	0.162	15	3	0	4	0	2	0	1	1	8	1	3	2	3	3	1	4	2	6
HYID8089500|17730000	0.197	0.342	0.270	0.191	HYID8086000|17730500	0.111	0.000	0.333	0.000	0.000	0.222	0.000	0.000	0.000	0.000	0.000	0.111	0.111	0.111	0.000	1	2	2	1	1	0	3	0	0	2	0	0	0	0	0	1	1	1	0
HYID8087500|17731500	0.317	0.008	0.286	0.390	HYID8089500|17733000	0.167	0.000	0.167	0.000	0.000	0.167	0.000	0.000	0.167	0.000	0.000	0.000	0.167	0.000	0.167	2	0	2	3	1	0	1	0	0	1	0	0	1	0	0	0	1	0	1
HYID8087000|17732500	0.076	0.197	0.681	0.045	HYID8087000|17733000	0.037	0.000	0.000	0.148	0.037	0.000	0.074	0.148	0.074	0.000	0.222	0.148	0.037	0.074	0.000	2	6	19	1	1	0	0	4	1	0	2	4	2	0	6	4	1	2	0
HYID8088000|17730500	0.619	0.190	0.011	0.179	HYID8089500|17730000	0.054	0.054	0.000	0.027	0.027	0.027	0.081	0.108	0.027	0.054	0.000	0.378	0.027	0.081	0.054	29	9	1	8	2	2	0	1	1	1	3	4	1	2	0	14	1	3	2
HYID8087500|17732500	0.077	0.240	0.205	0.477	HYID8089500|17732500	0.167	0.000	0.333	0.000	0.000	0.167	0.000	0.167	0.000	0.000	0.000	0.167	0.000	0.000	0.000	0	2	1	3	1	0	2	0	0	1	0	1	0	0	0	1	0	0	0
HYID8087000|17731000	0.497	0.217	0.177	0.110	HYID8089500|17730000	0.167	0.000	0.167	0.000	0.167	0.000	0.000	0.167	0.000	0.000	0.000	0.000	0.167	0.000	0.167	3	1	1	1	1	0	1	0	1	0	0	1	0	0	0	0	1	0	1
HYID8086000|17733000	0.313	0.524	0.106	0.057	HYID8087500|17732500	0.040	0.200	0.080	0.080	0.040	0.040	0.040	0.000	0.120	0.000	0.000	0.120	0.120	0.120	0.000	11	18	4	2	1	5	2	2	1	1	1	0	3	0	0	3	3	3	0
HYID8087000|17732000	0.171	0.580	0.110	0.139	HYID8088500|17730000	0.000	0.091	0.000	0.091	0.000	0.000	0.091	0.091	0.273	0.000	0.000	0.000	0.182	0.091	0.091	2	6	1	1	0	1	0	1	0	0	1	1	3	0	0	0	2	1	1
HYID8086000|17732000	0.030	0.080	0.322	0.568	HYID8088500|17731500	0.333	0.000	0.095	0.095	0.048	0.000	0.095	0.000	0.000	0.000	0.000	0.095	0.095	0.048	0.095	1	2	9	17	7	0	2	2	1	0	2	0	0	0	0	2	2	1	2
HYID8087000|17730500	0.668	0.061	0.194	0.077	HYID8089500|17732000	0.083	0.083	0.000	0.000	0.083	0.000	0.167	0.083	0.083	0.083	0.167	0.000	0.083	0.000	0.083	7	1	2	1	1	1	0	0	1	0	2	1	1	1	2	0	1	0	1
HYID8087500|17731500	0.138	0.605	0.086	0.171	HYID8087500|17732500	0.029	0.029	0.086	0.057	0.029	0.000	0.371	0.029	0.086	0.000	0.086	0.000	0.057	0.057	0.086	4	18	3	5	1	1	3	2	1	0	13	1	3	0	3	0	2	2	3
HYID8087500|17733000	0.031	0.305	0.374	0.291	HYID8086500|17731500	0.143	0.143	0.000	0.143	0.143	0.000	0.000	0.000	0.000	0.000	0.000	0.143	0.286	0.000	0.000	0	3	3	3	1	1	0	1	1	0	0	0	0	0	0	1	2	0	0
HYID8086500|17730000	0.006	0.225	0.594	0.176	HYID8089500|17733000	0.200	0.000	0.000	0.100	0.100	0.200	0.000	0.000	0.100	0.000	0.100	0.100	0.000	0.100	0.000	0	1	3	1	2	0	0	1	1	2	0	0	1	0	1	1	0	1	0
HYID8088500|17732500	0.208	0.090	0.425	0.277	HYID8089000|17732500	0.208	0.000	0.042	0.000	0.042	0.000	0.000	0.125	0.167	0.000	0.000	0.083	0.167	0.125	0.042	3	1	7	4	5	0	1	0	1	0	0	3	4	0	0	2	4	3	1
HYID8088500|17731500	0.352	0.314	0.297	0.037	HYID8088000|17730500	0.143	0.000	0.000	0.143	0.000	0.143	0.000	0.000	0.000	0.143	0.143	0.143	0.143	0.000	0.000	1	1	1	0	1	0	0	1	0	1	0	0	0	1	1	1	1	0	0
HYID8087500|17732500	0.437	0.084	0.055	0.424	HYID8086000|17732500	0.400	0.000	0.000	0.200	0.000	0.000	0.000	0.000	0.000	0.200	0.000	0.000	0.000	0.000	0.200	2	0	0	2	2	0	0	1	0	0	0	0	0	1	0	0	0	0	1
HYID8089500|17732000	0.153	0.174	0.624	0.049	HYID8087500|17732500	0.000	0.042	0.042	0.000	0.000	0.000	0.083	0.000	0.167	0.125	0.250	0.000	0.083	0.167	0.042	4	5	17	1	0	1	1	0	0	0	2	0	4	3	6	0	2	4	1
HYID8086500|17731500	0.455	0.048	0.306	0.191	HYID8088000|17731000	0.000	0.154	0.231	0.077	0.077	0.000	0.077	0.077	0.000	0.077	0.077	0.077	0.000	0.077	0.000	3	0	2	1	0	2	3	1	1	0	1	1	0	1	1	1	0	1	0
HYID8087000|17731000	0.059	0.242	0.272	0.427	HYID8088000|17732500	0.429	0.000	0.000	0.000	0.000	0.000	0.000	0.143	0.000	0.143	0.000	0.286	0.000	0.000	0.000	0	1	1	2	3	0	0	0	0	0	0	1	0	1	0	2	0	0	0
HYID8088500|17732000	0.612	0.233	0.022	0.134	HYID8088500|17733000	0.211	0.000	0.000	0.000	0.263	0.053	0.000	0.158	0.000	0.053	0.053	0.000	0.000	0.105	0.105	9	4	0	2	4	0	0	0	5	1	0	3	0	1	1	0	0	2	2
HYID8086000|17730500	0.073	0.459	0.066	0.402	HYID8086500|17733000	0.000	0.032	0.194	0.000	0.000	0.194	0.000	0.161	0.000	0.065	0.065	0.065	0.000	0.032	0.194	2	11	2	10	0	1	6	0	0	6	0	5	0	2	2	2	0	1	6
HYID8087500|17732000	0.103	0.086	0.364	0.447	HYID8088500|17732500	0.667	0.000	0.000	0.000	0.000	0.000	0.000	0.000	0.000	0.000	0.333	0.000	0.000	0.000	0.000	0	0	1	1	2	0	0	0	0	0	0	0	0	0	1	0	0	0	0
HYID8088500|17730000	0.126	0.264	0.083	0.528	HYID8089000|17732000	0.250	0.000	0.000	0.250	0.000	0.000	0.000	0.000	0.000	0.000	0.000	0.000	0.250	0.000	0.250	0	1	0	1	1	0	0	1	0	0	0	0	0	0	0	0	1	0	1
HYID8089000|17732000	0.208	0.093	0.334	0.365	HYID8086000|17731000	0.400	0.000	0.000	0.000	0.200	0.200	0.000	0.000	0.000	0.000	0.000	0.000	0.000	0.000	0.200	1	1	2	2	2	0	0	0	1	1	0	0	0	0	0	0	0	0	1
HYID8088500|17732000	0.065	0.415	0.400	0.120	HYID8089500|17732500	0.148	0.066	0.131	0.197	0.115	0.066	0.049	0.016	0.016	0.082	0.000	0.082	0.016	0.016	0.000	5	30	29	9	9	4	8	12	7	4	3	1	1	5	0	5	1	1	0
HYID8088500|17730000	0.238	0.091	0.400	0.272	HYID8088500|17731000	0.120	0.040	0.040	0.000	0.080	0.040	0.040	0.120	0.120	0.040	0.040	0.040	0.040	0.160	0.080	5	2	8	5	3	1	1	0	2	1	1	3	3	1	1	1	1	4	2
HYID8088500|17732500	0.423	0.197	0.356	0.025	HYID8089500|17731500	0.097	0.194	0.032	0.032	0.065	0.065	0.032	0.065	0.065	0.000	0.194	0.065	0.065	0.032	0.000	10	5	8	1	3	6	1	1	2	2	1	2	2	0	6	2	2	1	0
HYID8086000|17731500	0.067	0.127	0.004	0.802	HYID8087000|17731000	0.125	0.375	0.250	0.000	0.000	0.125	0.000	0.000	0.000	0.000	0.125	0.000	0.000	0.000	0.000	0	1	0	4	1	3	2	0	0	1	0	0	0	0	1	0	0	0	0
HYID8089500|17732500	0.253	0.572	0.032	0.143	HYID8087000|17731000	0.600	0.200	0.000	0.000	0.000	0.000	0.000	0.000	0.000	0.200	0.000	0.000	0.000	0.000	0.000	1	2	0	1	3	1	0	0	0	0	0	0	0	1	0	0	0	0	0
HYID8087000|17730000	0.589	0.107	0.040	0.263	HYID8086500|17730500	0.324	0.000	0.000	0.059	0.088	0.029	0.059	0.118	0.000	0.059	0.176	0.029	0.000	0.029	0.029	18	3	1	8	11	0	0	2	3	1	2	4	0	2	6	1	0	1	1
HYID8087000|17730500	0.178	0.050	0.470	0.303	HYID8086500|17733500	0.167	0.000	0.083	0.000	0.167	0.000	0.000	0.083	0.083	0.083	0.167	0.083	0.083	0.000	0.000	3	1	8	5	2	0	1	0	2	0	0	1	1	1	2	1	1	0	0
HYID8088500|17731500	0.524	0.041	0.193	0.243	HYID8086000|17730500	0.158	0.316	0.000	0.000	0.053	0.000	0.105	0.000	0.000	0.158	0.000	0.000	0.000	0.158	0.053	12	1	5	6	3	6	0	0	1	0	2	0	0	3	0	0	0	3	1
HYID8087500|17730500	0.341	0.182	0.361	0.116	HYID8088500|17730000	0.125	0.062	0.312	0.000	0.000	0.000	0.062	0.062	0.000	0.062	0.000	0.062	0.188	0.062	0.000	5	3	6	2	2	1	5	0	0	0	1	1	0	1	0	1	3	1	0
HYID8087500|17731000	0.066	0.042	0.158	0.733	HYID8086000|17733500	0.067	0.000	0.067	0.200	0.000	0.067	0.133	0.000	0.067	0.000	0.067	0.067	0.000	0.133	0.133	1	0	2	7	1	0	1	3	0	1	2	0	1	0	1	1	0	2	2
HYID8089500|17732000	0.467	0.272	0.020	0.242	HYID8086500|17732000	0.077	0.231	0.000	0.000	0.000	0.154	0.000	0.077	0.000	0.077	0.000	0.077	0.154	0.077	0.077	7	4	0	4	1	3	0	0	0	2	0	1	0	1	0	1	2	1	1
HYID8086000|17730500	0.104	0.563	0.281	0.051	HYID8087000|17731500	0.065	0.065	0.000	0.065	0.032	0.290	0.065	0.097	0.000	0.000	0.129	0.032	0.129	0.000	0.032	5	25	13	2	2	2	0	2	1	9	2	3	0	0	4	1	4	0	1
HYID8086000|17732500	0.509	0.424	0.017	0.050	HYID8088000|17732500	0.074	0.111	0.000	0.259	0.037	0.037	0.037	0.037	0.000	0.074	0.000	0.000	0.333	0.000	0.000	8	7	0	1	2	3	0	7	1	1	1	1	0	2	0	0	9	0	0
HYID8089000|17730000	0.616	0.029	0.051	0.304	HYID8089000|17731000	0.400	0.000	0.000	0.000	0.200	0.000	0.000	0.000	0.000	0.000	0.200	0.200	0.000	0.000	0.000	4	0	0	2	2	0	0	0	1	0	0	0	0	0	1	1	0	0	0
HYID8087000|17730500	0.509	0.068	0.167	0.256	HYID8089500|17730000	0.500	0.000	0.000	0.000	0.000	0.000	0.000	0.500	0.000	0.000	0.000	0.000	0.000	0.000	0.000	1	0	0	0	1	0	0	0	0	0	0	1	0	0	0	0	0	0	0
HYID8087500|17732000	0.086	0.334	0.389	0.191	HYID8087500|17732500	0.111	0.063	0.032	0.016	0.000	0.365	0.063	0.016	0.111	0.016	0.000	0.000	0.000	0.095	0.111	7	25	29	14	7	4	2	1	0	23	4	1	7	1	0	0	0	6	7
HYID8089500|17732500	0.615	0.029	0.291	0.064	HYID8087000|17730500	0.069	0.069	0.138	0.069	0.069	0.103	0.069	0.069	0.000	0.000	0.138	0.172	0.034	0.000	0.000	12	1	6	1	2	2	4	2	2	3	2	2	0	0	4	5	1	0	0
HYID8087000|17730500	0.524	0.196	0.256	0.023	HYID8086500|17732000	0.429	0.000	0.000	0.000	0.000	0.000	0.143	0.000	0.143	0.000	0.000	0.000	0.000	0.000	0.286	4	2	2	0	3	0	0	0	0	0	1	0	1	0	0	0	0	0	2
HYID8086500|17731000	0.267	0.050	0.433	0.250	HYID8086000|17733500	1.000	0.000	0.000	0.000	0.000	0.000	0.000	0.000	0.000	0.000	0.000	0.000	0.000	0.000	0.000	1	0	1	1	3	0	0	0	0	0	0	0	0	0	0	0	0	0	0
HYID8089500|17733000	0.080	0.231	0.491	0.198	HYID8086000|17733500	0.250	0.000	0.000	0.000	0.250	0.000	0.167	0.000	0.083	0.000	0.083	0.083	0.000	0.000	0.083	1	3	6	2	3	0	0	0	3	0	2	0	1	0	1	1	0	0	1
HYID8087500|17733500	0.563	0.160	0.002	0.274	HYID8088500|17731000	0.038	0.038	0.000	0.000	0.038	0.115	0.115	0.154	0.192	0.000	0.115	0.077	0.000	0.077	0.038	16	5	0	8	1	1	0	0	1	3	3	4	5	0	3	2	0	2	1
HYID8087000|17732000	0.063	0.317	0.097	0.522	HYID8089000|17732500	0.000	0.000	0.068	0.034	0.051	0.119	0.068	0.136	0.254	0.051	0.085	0.000	0.085	0.034	0.017	4	21	6	34	0	0	4	2	3	7	4	8	15	3	5	0	5	2	1
HYID8087000|17731500	0.098	0.417	0.387	0.098	HYID8088000|17732000	0.103	0.034	0.172	0.207	0.000	0.138	0.034	0.138	0.069	0.034	0.034	0.000	0.034	0.000	0.000	3	14	13	3	3	1	5	6	0	4	1	4	2	1	1	0	1	0	0
HYID8088000|17731000	0.359	0.025	0.115	0.501	HYID8088000|17731500	0.048	0.048	0.000	0.048	0.048	0.000	0.048	0.238	0.048	0.095	0.048	0.143	0.048	0.095	0.048	4	0	1	6	1	1	0	1	1	0	1	5	1	2	1	3	1	2	1
HYID8088000|17732000	0.063	0.633	0.046	0.258	HYID8086000|17730500	0.167	0.333	0.167	0.000	0.000	0.167	0.000	0.000	0.167	0.000	0.000	0.000	0.000	0.000	0.000	0	5	0	2	1	2	1	0	0	1	0	0	1	0	0	0	0	0	0
HYID8087500|17732000	0.483	0.069	0.428	0.020	HYID8089000|17731000	0.000	0.133	0.000	0.200	0.000	0.000	0.133	0.000	0.133	0.000	0.067	0.000	0.067	0.133	0.133	5	1	4	0	0	2	0	3	0	0	2	0	2	0	1	0	1	2	2
HYID8086500|17731000	0.010	0.355	0.008	0.627	HYID8089500|17732000	0.000	0.111	0.111	0.111	0.000	0.000	0.222	0.000	0.111	0.000	0.000	0.111	0.000	0.111	0.111	0	4	0	7	0	1	1	1	0	0	2	0	1	0	0	1	0	1	1
HYID8086500|17730000	0.318	0.179	0.255	0.248	HYID8087500|17733500	0.200	0.000	0.200	0.000	0.000	0.200	0.200	0.200	0.000	0.000	0.000	0.000	0.000	0.000	0.000	1	1	1	1	1	0	1	0	0	1	1	1	0	0	0	0	0	0	0
HYID8086500|17730500	0.073	0.170	0.256	0.501	HYID8086000|17730000	0.000	0.041	0.016	0.148	0.107	0.139	0.008	0.098	0.213	0.041	0.033	0.041	0.041	0.033	0.041	9	20	31	60	0	5	2	18	13	17	1	12	26	5	4	5	5	4	5
HYID8086500|17733500	0.335	0.434	0.143	0.088	HYID8087500|17732500	0.086	0.014	0.029	0.014	0.071	0.000	0.057	0.071	0.014	0.486	0.000	0.014	0.057	0.086	0.000	21	27	9	5	6	1	2	1	5	0	4	5	1	34	0	1	4	6	0
HYID8086500|17731500	0.103	0.267	0.064	0.566	HYID8087000|17733000	0.051	0.026	0.051	0.026	0.026	0.077	0.000	0.026	0.026	0.256	0.026	0.000	0.179	0.231	0.000	6	15	4	32	2	1	2	1	1	3	0	1	1	10	1	0	7	9	0
HYID8088000|17731500	0.257	0.498	0.034	0.211	HYID8086500|17733500	0.333	0.167	0.000	0.000	0.000	0.000	0.167	0.167	0.167	0.000	0.000	0.000	0.000	0.000	0.000	2	3	0	1	2	1	0	0	0	0	1	1	1	0	0	0	0	0	0
HYID8088000|17731500	0.773	0.107	0.119	0.001	HYID8086500|17731500	0.094	0.031	0.250	0.031	0.031	0.031	0.031	0.031	0.000	0.250	0.031	0.000	0.125	0.000	0.062	15	2	2	0	3	1	8	1	1	1	1	1	0	8	1	0	4	0	2
HYID8089000|17732500	0.301	0.053	0.639	0.007	HYID8089500|17730000	0.190	0.000	0.000	0.048	0.000	0.000	0.095	0.095	0.048	0.048	0.238	0.143	0.000	0.000	0.095	8	1	16	0	4	0	0	1	0	0	2	2	1	1	5	3	0	0	2
HYID8087500|17730000	0.468	0.025	0.176	0.332	HYID8086000|17731000	0.143	0.095	0.095	0.000	0.000	0.048	0.000	0.000	0.095	0.143	0.143	0.048	0.095	0.000	0.095	7	0	3	5	3	2	2	0	0	1	0	0	2	3	3	1	2	0	2
HYID8088000|17730000	0.411	0.098	0.199	0.291	HYID8087500|17733000	0.032	0.000	0.129	0.129	0.129	0.129	0.000	0.032	0.129	0.194	0.032	0.032	0.032	0.000	0.000	10	2	5	7	1	0	4	4	4	4	0	1	4	6	1	1	1	0	0
HYID8086000|17731000	0.237	0.169	0.032	0.562	HYID8088000|17733000	0.200	0.150	0.050	0.150	0.000	0.100	0.000	0.000	0.050	0.100	0.050	0.050	0.000	0.100	0.000	4	3	1	10	4	3	1	3	0	2	0	0	1	2	1	1	0	2	0
HYID8088500|17731500	0.015	0.326	0.633	0.027	HYID8089000|17732000	0.116	0.186	0.000	0.116	0.000	0.070	0.023	0.047	0.023	0.279	0.047	0.023	0.047	0.000	0.023	1	18	35	1	5	8	0	5	0	3	1	2	1	12	2	1	2	0	1
HYID8086000|17732500	0.249	0.039	0.493	0.220	HYID8089500|17730000	0.188	0.000	0.000	0.000	0.062	0.000	0.000	0.125	0.062	0.000	0.125	0.125	0.062	0.188	0.062	6	1	11	5	3	0	0	0	1	0	0	2	1	0	2	2	1	3	1
HYID8088500|17731500	0.457	0.052	0.086	0.405	HYID8089500|17730000	0.100	0.150	0.050	0.100	0.100	0.100	0.100	0.050	0.100	0.000	0.050	0.000	0.000	0.100	0.000	13	1	2	12	2	3	1	2	2	2	2	1	2	0	1	0	0	2	0
HYID8087000|17731500	0.053	0.242	0.438	0.267	HYID8088000|17731500	0.400	0.000	0.200	0.000	0.000	0.000	0.200	0.000	0.000	0.200	0.000	0.000	0.000	0.000	0.000	0	1	1	1	2	0	1	0	0	0	1	0	0	1	0	0	0	0	0
HYID8086000|17733500	0.313	0.137	0.147	0.403	HYID8087500|17732000	0.067	0.267	0.067	0.000	0.000	0.067	0.133	0.067	0.067	0.200	0.000	0.000	0.067	0.000	0.000	3	1	1	3	1	4	1	0	0	1	2	1	1	3	0	0	1	0	0
HYID8086500|17730500	0.503	0.006	0.282	0.209	HYID8086500|17730000	0.000	0.222	0.000	0.167	0.000	0.111	0.000	0.000	0.056	0.000	0.167	0.056	0.056	0.000	0.167	12	0	7	5	0	4	0	3	0	2	0	0	1	0	3	1	1	0	3
HYID8087000|17732000	0.522	0.048	0.309	0.121	HYID8086500|17732500	0.111	0.333	0.000	0.222	0.111	0.000	0.000	0.000	0.000	0.111	0.000	0.000	0.000	0.000	0.111	4	0	2	1	1	3	0	2	1	0	0	0	0	1	0	0	0	0	1
HYID8086000|17732000	0.239	0.057	0.146	0.558	HYID8086500|17732000	0.028	0.046	0.156	0.000	0.147	0.239	0.000	0.064	0.018	0.009	0.064	0.037	0.174	0.009	0.009	28	7	17	66	3	5	17	0	16	26	0	7	2	1	7	4	19	1	1
HYID8088000|17731500	0.317	0.097	0.321	0.265	HYID8086000|17730000	0.060	0.040	0.180	0.100	0.020	0.100	0.060	0.000	0.020	0.040	0.020	0.120	0.100	0.100	0.040	23	7	24	20	3	2	9	5	1	5	3	0	1	2	1	6	5	5	2
HYID8086000|17733000	0.184	0.358	0.449	0.009	HYID8088500|17730000	0.033	0.067	0.000	0.000	0.067	0.100	0.000	0.000	0.100	0.167	0.033	0.033	0.233	0.000	0.167	4	7	9	0	1	2	0	0	2	3	0	0	3	5	1	1	7	0	5
HYID8086000|17731000	0.283	0.111	0.253	0.353	HYID8087500|17731500	0.000	0.000	0.150	0.000	0.100	0.000	0.100	0.000	0.250	0.050	0.150	0.050	0.050	0.050	0.050	5	2	4	6	0	0	3	0	2	0	2	0	5	1	3	1	1	1	1
HYID8086500|17733500	0.102	0.438	0.005	0.455	HYID8087500|17732500	0.040	0.020	0.080	0.100	0.020	0.060	0.020	0.000	0.380	0.020	0.000	0.000	0.020	0.200	0.040	7	30	0	31	2	1	4	5	1	3	1	0	19	1	0	0	1	10	2
HYID8087500|17731000	0.278	0.095	0.058	0.569	HYID8086500|17733000	0.000	0.071	0.143	0.071	0.143	0.071	0.071	0.000	0.000	0.071	0.143	0.000	0.071	0.071	0.071	4	2	1	9	0	1	2	1	2	1	1	0	0	1	2	0	1	1	1
HYID8086000|17732000	0.165	0.063	0.360	0.413	HYID8086500|17731500	0.071	0.036	0.036	0.107	0.071	0.000	0.071	0.214	0.000	0.036	0.036	0.036	0.107	0.143	0.036	7	3	14	17	2	1	1	3	2	0	2	6	0	1	1	1	3	4	1
HYID8089500|17731500	0.443	0.105	0.397	0.055	HYID8086500|17731000	0.400	0.000	0.000	0.000	0.000	0.000	0.200	0.000	0.200	0.000	0.000	0.200	0.000	0.000	0.000	3	1	2	0	2	0	0	0	0	0	1	0	1	0	0	1	0	0	0
HYID8087000|17733000	0.104	0.163	0.360	0.372	HYID8087000|17733500	0.000	0.051	0.077	0.026	0.179	0.000	0.051	0.026	0.179	0.026	0.000	0.051	0.026	0.256	0.051	3	5	11	12	0	2	3	1	7	0	2	1	7	1	0	2	1	10	2
HYID8087000|17731500	0.177	0.139	0.571	0.114	HYID8087500|17731500	0.133	0.000	0.133	0.033	0.000	0.033	0.100	0.067	0.033	0.000	0.100	0.000	0.133	0.133	0.100	7	5	22	4	4	0	4	1	0	1	3	2	1	0	3	0	4	4	3
HYID8086500|17731000	0.045	0.370	0.507	0.078	HYID8087000|17731000	0.200	0.200	0.000	0.000	0.000	0.100	0.000	0.100	0.000	0.100	0.000	0.000	0.300	0.000	0.000	1	5	6	1	2	2	0	0	0	1	0	1	0	1	0	0	3	0	0
HYID8086500|17730000	0.255	0.280	0.258	0.207	HYID8087000|17731500	0.133	0.067	0.133	0.133	0.000	0.133	0.000	0.000	0.000	0.267	0.067	0.000	0.000	0.067	0.000	5	6	6	4	2	1	2	2	0	2	0	0	0	4	1	0	0	1	0
HYID8088500|17731000	0.037	0.215	0.064	0.684	HYID8086000|17730000	0.091	0.091	0.091	0.091	0.000	0.091	0.000	0.000	0.182	0.000	0.091	0.000	0.000	0.091	0.182	0	2	1	7	1	1	1	1	0	1	0	0	2	0	1	0	0	1	2
HYID8086500|17733000	0.247	0.076	0.511	0.165	HYID8087000|17731000	0.136	0.017	0.153	0.068	0.000	0.136	0.169	0.034	0.000	0.000	0.136	0.017	0.102	0.017	0.017	15	4	30	10	8	1	9	4	0	8	10	2	0	0	8	1	6	1	1
HYID8086000|17730000	0.346	0.168	0.269	0.216	HYID8089000|17731500	0.045	0.045	0.000	0.000	0.136	0.045	0.000	0.091	0.091	0.136	0.000	0.227	0.000	0.045	0.136	6	3	5	4	1	1	0	0	3	1	0	2	2	3	0	5	0	1	3
HYID8088500|17733000	0.085	0.428	0.032	0.455	HYID8089500|17733000	0.000	0.000	0.050	0.050	0.150	0.050	0.050	0.100	0.150	0.000	0.100	0.050	0.050	0.150	0.050	1	7	0	7	0	0	1	1	3	1	1	2	3	0	2	1	1	3	1
HYID8086000|17732000	0.344	0.411	0.051	0.195	HYID8088000|17732500	0.176	0.176	0.000	0.000	0.176	0.000	0.000	0.059	0.000	0.000	0.176	0.059	0.176	0.000	0.000	9	10	1	5	3	3	0	0	3	0	0	1	0	0	3	1	3	0	0
HYID8086000|17730500	0.001	0.173	0.253	0.573	HYID8089000|17732500	0.091	0.000	0.000	0.182	0.091	0.091	0.000	0.000	0.000	0.182	0.091	0.182	0.091	0.000	0.000	0	3	4	9	1	0	0	2	1	1	0	0	0	2	1	2	1	0	0
HYID8087000|17731000	0.052	0.326	0.001	0.621	HYID8086000|17732000	0.000	0.071	0.000	0.000	0.214	0.071	0.286	0.000	0.000	0.000	0.000	0.143	0.143	0.071	0.000	1	5	0	9	0	1	0	0	3	1	4	0	0	0	0	2	2	1	0
HYID8086500|17732000	0.327	0.071	0.193	0.409	HYID8089000|17730000	0.200	0.000	0.000	0.000	0.000	0.000	0.200	0.000	0.000	0.000	0.200	0.000	0.200	0.000	0.200	2	1	1	3	1	0	0	0	0	0	1	0	0	0	1	0	1	0	1
HYID8087000|17731000	0.136	0.092	0.176	0.596	HYID8089500|17731000	0.091	0.000	0.182	0.091	0.000	0.273	0.000	0.000	0.091	0.091	0.000	0.000	0.091	0.091	0.000	1	1	2	6	1	0	2	1	0	3	0	0	1	1	0	0	1	1	0
HYID8089000|17730000	0.374	0.602	0.003	0.021	HYID8087500|17733500	0.333	0.167	0.000	0.000	0.000	0.167	0.000	0.000	0.000	0.000	0.000	0.167	0.000	0.167	0.000	3	5	0	0	2	1	0	0	0	1	0	0	0	0	0	1	0	1	0
HYID8089500|17732000	0.192	0.307	0.105	0.396	HYID8087000|17730000	0.500	0.000	0.000	0.000	0.000	0.000	0.000	0.250	0.000	0.000	0.000	0.000	0.250	0.000	0.000	1	1	0	2	2	0	0	0	0	0	0	1	0	0	0	0	1	0	0
HYID8086000|17732500	0.159	0.356	0.023	0.462	HYID8088000|17733000	0.048	0.000	0.000	0.000	0.048	0.000	0.048	0.143	0.286	0.048	0.143	0.000	0.048	0.095	0.095	4	9	1	12	1	0	0	0	1	0	1	3	6	1	3	0	1	2	2
HYID8089500|17730000	0.264	0.242	0.388	0.105	HYID8086500|17732500	0.071	0.286	0.143	0.000	0.000	0.000	0.071	0.000	0.071	0.000	0.071	0.000	0.071	0.143	0.071	5	4	7	2	1	4	2	0	0	0	1	0	1	0	1	0	1	2	1
HYID8086000|17731000	0.124	0.154	0.525	0.197	HYID8086500|17731000	0.286	0.000	0.000	0.000	0.143	0.000	0.143	0.143	0.000	0.000	0.000	0.000	0.143	0.000	0.143	1	1	4	2	2	0	0	0	1	0	1	1	0	0	0	0	1	0	1
HYID8089000|17730500	0.390	0.126	0.258	0.227	HYID8089000|17732500	0.308	0.077	0.000	0.077	0.000	0.000	0.000	0.231	0.077	0.077	0.077	0.000	0.000	0.000	0.077	7	2	5	4	4	1	0	1	0	0	0	3	1	1	1	0	0	0	1
HYID8089500|17732000	0.704	0.115	0.156	0.025	HYID8087000|17733000	0.185	0.111	0.000	0.074	0.000	0.037	0.037	0.037	0.000	0.074	0.185	0.074	0.074	0.074	0.037	17	3	4	1	5	3	0	2	0	1	1	1	0	2	5	2	2	2	1
HYID8087500|17732500	0.091	0.613	0.213	0.083	HYID8087000|17730000	0.000	0.138	0.000	0.000	0.103	0.034	0.034	0.103	0.034	0.034	0.138	0.103	0.138	0.034	0.103	4	24	8	3	0	4	0	0	3	1	1	3	1	1	4	3	4	1	3
HYID8087500|17732500	0.019	0.091	0.105	0.785	HYID8089000|17730000	0.037	0.037	0.074	0.185	0.037	0.148	0.037	0.000	0.000	0.000	0.111	0.074	0.000	0.000	0.259	0	2	2	14	1	1	2	5	1	4	1	0	0	0	3	2	0	0	7
HYID8086000|17733500	0.020	0.606	0.177	0.198	HYID8089500|17732000	0.000	0.000	0.000	0.091	0.000	0.000	0.000	0.182	0.091	0.000	0.364	0.000	0.182	0.000	0.091	0	5	1	2	0	0	0	1	0	0	0	2	1	0	4	0	2	0	1
HYID8089000|17732500	0.559	0.025	0.174	0.241	HYID8087500|17733500	0.125	0.000	0.000	0.000	0.125	0.250	0.000	0.000	0.125	0.000	0.000	0.125	0.125	0.000	0.125	5	0	2	2	1	0	0	0	1	2	0	0	1	0	0	1	1	0	1
HYID8087500|17731000	0.102	0.774	0.072	0.052	HYID8086500|17730000	0.286	0.000	0.000	0.000	0.000	0.143	0.143	0.000	0.000	0.000	0.143	0.000	0.286	0.000	0.000	1	7	1	0	2	0	0	0	0	1	1	0	0	0	1	0	2	0	0
HYID8089000|17730000	0.099	0.165	0.340	0.397	HYID8089500|17732000	0.111	0.167	0.056	0.111	0.000	0.000	0.000	0.056	0.000	0.111	0.278	0.000	0.000	0.056	0.056	2	4	9	10	2	3	1	2	0	0	0	1	0	2	5	0	0	1	1
HYID8088000|17732000	0.136	0.566	0.006	0.292	HYID8086000|17730500	0.176	0.000	0.059	0.059	0.000	0.059	0.059	0.294	0.000	0.059	0.000	0.000	0.118	0.059	0.059	2	7	0	4	3	0	1	1	0	1	1	5	0	1	0	0	2	1	1
HYID8089000|17733000	0.215	0.306	0.194	0.285	HYID8089500|17732000	0.057	0.038	0.321	0.019	0.019	0.113	0.057	0.038	0.000	0.151	0.019	0.019	0.094	0.019	0.038	6	9	6	8	3	2	17	1	1	6	3	2	0	8	1	1	5	1	2
HYID8087000|17733500	0.120	0.233	0.363	0.284	HYID8088500|17732000	0.061	0.030	0.152	0.061	0.121	0.121	0.030	0.030	0.000	0.061	0.000	0.030	0.152	0.091	0.061	4	8	12	9	2	1	5	2	4	4	1	1	0	2	0	1	5	3	2
HYID8088500|17730500	0.036	0.152	0.674	0.137	HYID8088500|17730000	0.040	0.000	0.080	0.000	0.040	0.000	0.200	0.120	0.080	0.040	0.040	0.040	0.160	0.080	0.080	1	5	23	5	1	0	2	0	1	0	5	3	2	1	1	1	4	2	2
HYID8089000|17730500	0.148	0.322	0.453	0.078	HYID8086000|17732500	0.750	0.000	0.000	0.000	0.250	0.000	0.000	0.000	0.000	0.000	0.000	0.000	0.000	0.000	0.000	1	2	3	0	3	0	0	0	1	0	0	0	0	0	0	0	0	0	0
HYID8087000|17730000	0.037	0.276	0.048	0.638	HYID8088500|17733000	0.125	0.125	0.000	0.125	0.000	0.000	0.125	0.125	0.125	0.000	0.000	0.250	0.000	0.000	0.000	0	3	1	7	1	1	0	1	0	0	1	1	1	0	0	2	0	0	0
HYID8086000|17730500	0.116	0.227	0.081	0.576	HYID8087500|17733000	0.000	0.000	0.000	0.000	0.067	0.200	0.267	0.000	0.067	0.067	0.067	0.000	0.200	0.000	0.067	2	3	1	8	0	0	0	0	1	3	4	0	1	1	1	0	3	0	1
HYID8086500|17732000	0.190	0.224	0.456	0.130	HYID8086500|17730000	0.083	0.167	0.083	0.083	0.000	0.083	0.000	0.000	0.000	0.083	0.167	0.250	0.000	0.000	0.000	3	4	7	2	1	2	1	1	0	1	0	0	0	1	2	3	0	0	0
HYID8086000|17732000	0.251	0.189	0.438	0.121	HYID8089000|17730500	0.000	0.143	0.000	0.000	0.286	0.000	0.000	0.143	0.143	0.000	0.143	0.000	0.143	0.000	0.000	1	1	2	1	0	1	0	0	2	0	0	1	1	0	1	0	1	0	0
HYID8089000|17731000	0.409	0.183	0.046	0.361	HYID8089000|17730500	0.114	0.114	0.029	0.114	0.143	0.057	0.057	0.086	0.086	0.029	0.029	0.057	0.029	0.029	0.029	20	9	2	18	4	4	1	4	5	2	2	3	3	1	1	2	1	1	1
HYID8087000|17731000	0.296	0.347	0.097	0.260	HYID8087500|17731500	0.750	0.125	0.000	0.000	0.000	0.000	0.000	0.000	0.000	0.000	0.000	0.000	0.000	0.062	0.062	5	6	2	4	12	2	0	0	0	0	0	0	0	0	0	0	0	1	1
HYID8086500|17733000	0.092	0.193	0.259	0.456	HYID8086000|17730500	0.125	0.250	0.250	0.125	0.000	0.000	0.125	0.000	0.000	0.000	0.125	0.000	0.000	0.000	0.000	1	1	2	3	1	2	2	1	0	0	1	0	0	0	1	0	0	0	0
HYID8087500|17731500	0.338	0.249	0.194	0.219	HYID8087500|17733000	0.048	0.048	0.000	0.095	0.048	0.048	0.095	0.000	0.190	0.048	0.095	0.143	0.000	0.095	0.048	8	6	4	5	1	1	0	2	1	1	2	0	4	1	2	3	0	2	1
HYID8086000|17733000	0.398	0.055	0.435	0.113	HYID8089000|17732500	0.125	0.000	0.000	0.000	0.250	0.000	0.125	0.125	0.000	0.125	0.000	0.000	0.000	0.125	0.125	4	1	4	1	1	0	0	0	2	0	1	1	0	1	0	0	0	1	1
HYID8086500|17733500	0.028	0.254	0.226	0.492	HYID8086000|17733000	0.207	0.000	0.103	0.034	0.069	0.069	0.000	0.103	0.069	0.103	0.138	0.000	0.000	0.069	0.034	1	5	5	11	6	0	3	1	2	2	0	3	2	3	4	0	0	2	1
HYID8087500|17731000	0.201	0.116	0.648	0.036	HYID8087500|17730500	0.000	0.086	0.029	0.086	0.086	0.171	0.000	0.114	0.057	0.086	0.114	0.057	0.000	0.000	0.114	4	2	14	1	0	3	1	3	3	6	0	4	2	3	4	2	0	0	4
HYID8088000|17730500	0.118	0.496	0.002	0.385	HYID8086000|17730000	0.333	0.000	0.000	0.167	0.000	0.167	0.000	0.000	0.000	0.000	0.167	0.000	0.167	0.000	0.000	1	4	0	3	2	0	0	1	0	1	0	0	0	0	1	0	1	0	0
HYID8086500|17733500	0.333	0.123	0.514	0.031	HYID8089000|17733000	0.111	0.000	0.000	0.111	0.111	0.222	0.111	0.000	0.000	0.000	0.222	0.000	0.000	0.111	0.000	4	2	7	0	1	0	0	1	1	2	1	0	0	0	2	0	0	1	0
HYID8089000|17732000	0.159	0.278	0.516	0.048	HYID8086500|17731000	0.128	0.026	0.051	0.179	0.000	0.154	0.000	0.077	0.000	0.103	0.051	0.077	0.000	0.000	0.154	7	12	23	2	5	1	2	7	0	6	0	3	0	4	2	3	0	0	6
HYID8086500|17731000	0.348	0.086	0.464	0.102	HYID8089500|17732000	0.250	0.250	0.000	0.000	0.000	0.000	0.000	0.000	0.000	0.000	0.000	0.000	0.500	0.000	0.000	1	0	1	0	1	1	0	0	0	0	0	0	0	0	0	0	2	0	0
HYID8088500|17732000	0.252	0.397	0.080	0.271	HYID8089000|17733000	0.667	0.000	0.000	0.000	0.000	0.000	0.000	0.000	0.000	0.000	0.333	0.000	0.000	0.000	0.000	1	1	0	1	2	0	0	0	0	0	0	0	0	0	1	0	0	0	0
HYID8089000|17731500	0.310	0.037	0.635	0.019	HYID8087000|17730000	0.667	0.000	0.000	0.000	0.000	0.000	0.000	0.000	0.000	0.000	0.000	0.000	0.000	0.000	0.333	1	0	1	0	2	0	0	0	0	0	0	0	0	0	0	0	0	0	1
HYID8089000|17733000	0.389	0.060	0.309	0.242	HYID8086000|17730000	0.200	0.000	0.000	0.200	0.200	0.000	0.100	0.200	0.000	0.000	0.000	0.000	0.000	0.100	0.000	3	0	2	2	2	0	0	2	2	0	1	2	0	0	0	0	0	1	0
HYID8089500|17730500	0.428	0.125	0.249	0.198	HYID8086000|17730000	0.091	0.000	0.000	0.091	0.091	0.000	0.000	0.000	0.091	0.091	0.182	0.000	0.091	0.091	0.182	3	1	1	1	1	0	0	1	1	0	0	0	1	1	2	0	1	1	2
HYID8087500|17733500	0.082	0.401	0.220	0.297	HYID8086500|17730500	0.100	0.100	0.000	0.100	0.000	0.000	0.100	0.100	0.200	0.000	0.000	0.100	0.100	0.000	0.100	1	4	2	3	1	1	0	1	0	0	1	1	2	0	0	1	1	0	1
HYID8086000|17733500	0.145	0.036	0.193	0.626	HYID8087500|17730000	0.074	0.000	0.111	0.111	0.000	0.111	0.000	0.074	0.037	0.074	0.259	0.111	0.000	0.037	0.000	3	1	4	14	2	0	3	3	0	3	0	2	1	2	7	3	0	1	0
HYID8087000|17730500	0.020	0.031	0.327	0.622	HYID8086500|17733000	1.000	0.000	0.000	0.000	0.000	0.000	0.000	0.000	0.000	0.000	0.000	0.000	0.000	0.000	0.000	0	0	0	0	1	0	0	0	0	0	0	0	0	0	0	0	0	0	0
HYID8086500|17730500	0.186	0.096	0.126	0.592	HYID8088000|17732000	0.000	0.053	0.263	0.105	0.105	0.053	0.000	0.053	0.000	0.000	0.158	0.000	0.000	0.053	0.158	3	1	2	9	0	1	5	2	2	1	0	1	0	0	3	0	0	1	3
HYID8089500|17731500	0.010	0.538	0.421	0.031	HYID8087000|17733500	0.000	0.051	0.077	0.282	0.000	0.077	0.026	0.128	0.026	0.026	0.103	0.077	0.077	0.026	0.026	0	24	19	1	0	2	3	11	0	3	1	5	1	1	4	3	3	1	1
HYID8087000|17730000	0.664	0.152	0.096	0.089	HYID8086000|17733000	0.600	0.000	0.000	0.000	0.000	0.000	0.000	0.000	0.200	0.000	0.000	0.200	0.000	0.000	0.000	3	1	0	0	3	0	0	0	0	0	0	0	1	0	0	1	0	0	0
HYID8086500|17731000	0.164	0.546	0.205	0.085	HYID8086500|17733500	0.333	0.000	0.000	0.000	0.000	0.111	0.222	0.000	0.000	0.000	0.222	0.000	0.000	0.000	0.111	1	3	1	0	3	0	0	0	0	1	2	0	0	0	2	0	0	0	1
HYID8087000|17731500	0.113	0.030	0.294	0.562	HYID8089000|17730500	0.286	0.000	0.000	0.000	0.000	0.000	0.000	0.000	0.571	0.143	0.000	0.000	0.000	0.000	0.000	1	0	2	4	2	0	0	0	0	0	0	0	4	1	0	0	0	0	0
HYID8087000|17733500	0.128	0.051	0.028	0.792	HYID8086500|17731000	0.167	0.000	0.333	0.000	0.000	0.167	0.000	0.000	0.167	0.000	0.000	0.167	0.000	0.000	0.000	1	0	0	6	1	0	2	0	0	1	0	0	1	0	0	1	0	0	0
HYID8087500|17733500	0.399	0.460	0.001	0.139	HYID8087000|17733000	0.056	0.056	0.056	0.000	0.056	0.000	0.000	0.000	0.000	0.167	0.056	0.222	0.000	0.111	0.222	10	11	0	3	1	1	1	0	1	0	0	0	0	3	1	4	0	2	4
HYID8086500|17730500	0.207	0.427	0.324	0.041	HYID8089000|17730500	0.175	0.025	0.100	0.000	0.050	0.050	0.000	0.025	0.200	0.025	0.050	0.100	0.150	0.050	0.000	8	17	13	2	7	1	4	0	2	2	0	1	8	1	2	4	6	2	0
HYID8088500|17733000	0.302	0.135	0.512	0.051	HYID8087500|17730000	0.020	0.000	0.041	0.000	0.061	0.061	0.082	0.122	0.082	0.020	0.163	0.061	0.224	0.000	0.061	18	8	30	3	1	0	2	0	3	3	4	6	4	1	8	3	11	0	3
HYID8088500|17730000	0.235	0.003	0.146	0.616	HYID8086000|17732500	0.375	0.125	0.000	0.000	0.000	0.125	0.000	0.000	0.000	0.000	0.125	0.125	0.000	0.000	0.125	3	0	2	7	3	1	0	0	0	1	0	0	0	0	1	1	0	0	1
HYID8088000|17732500	0.368	0.001	0.488	0.143	HYID8086000|17733000	0.047	0.250	0.016	0.031	0.000	0.094	0.016	0.250	0.000	0.125	0.062	0.016	0.062	0.016	0.016	28	0	37	11	3	16	1	2	0	6	1	16	0	8	4	1	4	1	1
HYID8087000|17733000	0.123	0.166	0.534	0.177	HYID8087000|17733500	0.138	0.000	0.034	0.103	0.069	0.000	0.034	0.172	0.034	0.172	0.069	0.000	0.069	0.000	0.103	4	5	16	5	4	0	1	3	2	0	1	5	1	5	2	0	2	0	3
HYID8088500|17733000	0.319	0.172	0.374	0.134	HYID8089500|17733000	0.000	0.099	0.148	0.074	0.000	0.012	0.198	0.111	0.062	0.185	0.012	0.000	0.000	0.049	0.049	14	8	17	6	0	8	12	6	0	1	16	9	5	15	1	0	0	4	4
HYID8088500|17730500	0.572	0.137	0.143	0.148	HYID8089500|17730000	0.167	0.000	0.111	0.056	0.056	0.056	0.000	0.000	0.000	0.000	0.167	0.000	0.278	0.000	0.111	8	2	2	2	3	0	2	1	1	1	0	0	0	0	3	0	5	0	2
HYID8088500|17733000	0.095	0.097	0.716	0.092	HYID8089000|17732500	0.038	0.077	0.000	0.000	0.154	0.077	0.000	0.000	0.115	0.038	0.077	0.038	0.038	0.154	0.192	2	2	15	2	1	2	0	0	4	2	0	0	3	1	2	1	1	4	5
HYID8089000|17730000	0.157	0.536	0.056	0.251	HYID8087000|17733000	0.143	0.000	0.143	0.071	0.071	0.143	0.071	0.000	0.071	0.000	0.214	0.071	0.000	0.000	0.000	2	7	1	3	2	0	2	1	1	2	1	0	1	0	3	1	0	0	0
HYID8089500|17731500	0.057	0.905	0.038	0.000	HYID8086500|17732500	0.000	0.000	0.210	0.007	0.315	0.007	0.266	0.063	0.007	0.007	0.014	0.000	0.028	0.021	0.056	12	188	8	0	0	0	30	1	45	1	38	9	1	1	2	0	4	3	8
HYID8088000|17731500	0.217	0.413	0.018	0.352	HYID8086500|17733000	0.148	0.000	0.074	0.037	0.000	0.037	0.111	0.037	0.074	0.111	0.000	0.148	0.074	0.111	0.037	4	8	0	7	4	0	2	1	0	1	3	1	2	3	0	4	2	3	1
HYID8087000|17731000	0.339	0.074	0.110	0.476	HYID8087000|17733000	0.000	0.000	0.111	0.111	0.000	0.000	0.000	0.111	0.222	0.111	0.000	0.222	0.000	0.111	0.000	3	1	1	4	0	0	1	1	0	0	0	1	2	1	0	2	0	1	0
HYID8086500|17730000	0.489	0.168	0.115	0.229	HYID8087000|17731500	0.114	0.057	0.229	0.000	0.143	0.000	0.086	0.000	0.000	0.029	0.114	0.086	0.114	0.029	0.000	26	9	6	12	4	2	8	0	5	0	3	0	0	1	4	3	4	1	0
HYID8089000|17732500	0.221	0.092	0.278	0.410	HYID8087000|17730000	0.250	0.000	0.125	0.000	0.000	0.000	0.000	0.000	0.000	0.500	0.000	0.000	0.000	0.125	0.000	2	1	2	4	2	0	1	0	0	0	0	0	0	4	0	0	0	1	0
HYID8088000|17731000	0.005	0.333	0.427	0.235	HYID8087500|17731500	0.000	0.059	0.000	0.000	0.059	0.235	0.235	0.059	0.059	0.000	0.059	0.059	0.118	0.000	0.059	0	4	5	3	0	1	0	0	1	4	4	1	1	0	1	1	2	0	1
HYID8089500|17732000	0.378	0.326	0.215	0.081	HYID8088000|17730500	0.071	0.143	0.071	0.107	0.107	0.000	0.036	0.000	0.286	0.036	0.000	0.000	0.036	0.000	0.107	15	13	9	3	2	4	2	3	3	0	1	0	8	1	0	0	1	0	3
HYID8086000|17731500	0.006	0.509	0.085	0.400	HYID8089000|17730000	0.364	0.000	0.000	0.000	0.000	0.091	0.000	0.182	0.000	0.000	0.182	0.091	0.000	0.091	0.000	0	5	1	4	4	0	0	0	0	1	0	2	0	0	2	1	0	1	0
HYID8089000|17731000	0.658	0.168	0.048	0.126	HYID8089500|17730000	0.042	0.083	0.125	0.083	0.000	0.083	0.000	0.000	0.167	0.167	0.125	0.000	0.042	0.042	0.042	9	2	1	2	1	2	3	2	0	2	0	0	4	4	3	0	1	1	1
HYID8088500|17733000	0.625	0.171	0.069	0.135	HYID8086500|17732500	0.071	0.071	0.000	0.000	0.000	0.143	0.071	0.143	0.143	0.143	0.071	0.000	0.000	0.071	0.071	8	2	1	2	1	1	0	0	0	2	1	2	2	2	1	0	0	1	1
HYID8088500|17730000	0.544	0.132	0.205	0.119	HYID8089000|17731500	0.095	0.000	0.333	0.000	0.143	0.000	0.095	0.000	0.048	0.143	0.000	0.000	0.095	0.000	0.048	8	2	3	2	2	0	7	0	3	0	2	0	1	3	0	0	2	0	1
HYID8088000|17732500	0.428	0.407	0.056	0.110	HYID8086000|17732000	0.100	0.000	0.000	0.100	0.100	0.000	0.150	0.000	0.050	0.050	0.300	0.000	0.000	0.150	0.000	11	11	1	3	2	0	0	2	2	0	3	0	1	1	6	0	0	3	0
HYID8088000|17732500	0.004	0.210	0.423	0.363	HYID8088500|17732500	0.167	0.167	0.000	0.000	0.333	0.167	0.000	0.000	0.000	0.000	0.000	0.000	0.000	0.167	0.000	0	1	2	2	1	1	0	0	2	1	0	0	0	0	0	0	0	1	0
HYID8089000|17731000	0.160	0.149	0.677	0.014	HYID8086000|17732000	0.053	0.105	0.000	0.053	0.053	0.158	0.053	0.053	0.053	0.053	0.000	0.211	0.105	0.053	0.000	4	4	17	0	1	2	0	1	1	3	1	1	1	1	0	4	2	1	0
HYID8089500|17730500	0.074	0.388	0.346	0.192	HYID8088500|17732000	0.286	0.000	0.000	0.000	0.000	0.000	0.143	0.000	0.000	0.000	0.143	0.000	0.143	0.143	0.143	0	1	1	1	2	0	0	0	0	0	1	0	0	0	1	0	1	1	1
HYID8086000|17730000	0.135	0.341	0.392	0.132	HYID8088500|17730000	0.250	0.000	0.000	0.000	0.000	0.000	0.000	0.500	0.000	0.000	0.000	0.000	0.000	0.250	0.000	1	2	2	1	1	0	0	0	0	0	0	2	0	0	0	0	0	1	0
HYID8086000|17733500	0.344	0.238	0.273	0.146	HYID8087500|17733000	0.133	0.000	0.000	0.200	0.067	0.000	0.000	0.000	0.067	0.267	0.067	0.067	0.000	0.000	0.133	3	2	2	1	2	0	0	3	1	0	0	0	1	4	1	1	0	0	2
HYID8086000|17733500	0.452	0.278	0.068	0.202	HYID8087000|17731500	0.071	0.000	0.000	0.071	0.286	0.000	0.071	0.071	0.000	0.071	0.071	0.071	0.000	0.071	0.143	9	6	1	4	1	0	0	1	4	0	1	1	0	1	1	1	0	1	2
HYID8089000|17730500	0.195	0.000	0.667	0.138	HYID8086500|17730500	0.429	0.000	0.000	0.143	0.000	0.143	0.143	0.000	0.000	0.000	0.000	0.000	0.000	0.143	0.000	1	0	3	1	3	0	0	1	0	1	1	0	0	0	0	0	0	1	0
HYID8086500|17730000	0.241	0.082	0.269	0.408	HYID8086000|17733000	0.000	0.273	0.091	0.227	0.000	0.045	0.000	0.091	0.000	0.045	0.091	0.045	0.000	0.045	0.045	7	2	8	12	0	6	2	5	0	1	0	2	0	1	2	1	0	1	1
HYID8089500|17730000	0.296	0.297	0.341	0.066	HYID8088000|17732500	0.250	0.000	0.000	0.000	0.000	0.000	0.000	0.000	0.000	0.000	0.500	0.000	0.250	0.000	0.000	2	2	2	0	1	0	0	0	0	0	0	0	0	0	2	0	1	0	0
HYID8088000|17730000	0.315	0.416	0.115	0.153	HYID8087500|17730000	0.150	0.050	0.050	0.050	0.100	0.150	0.050	0.050	0.050	0.000	0.150	0.050	0.050	0.000	0.050	7	9	3	3	3	1	1	1	2	3	1	1	1	0	3	1	1	0	1
HYID8086500|17733000	0.212	0.152	0.467	0.169	HYID8087500|17730500	0.250	0.000	0.000	0.000	0.125	0.000	0.375	0.000	0.125	0.000	0.000	0.125	0.000	0.000	0.000	1	1	2	1	2	0	0	0	1	0	3	0	1	0	0	1	0	0	0
HYID8088500|17733000	0.009	0.100	0.836	0.055	HYID8086000|17730000	0.000	0.100	0.000	0.000	0.000	0.100	0.100	0.200	0.100	0.100	0.100	0.100	0.000	0.000	0.100	0	1	9	1	0	1	0	0	0	1	1	2	1	1	1	1	0	0	1
HYID8086500|17730500	0.045	0.137	0.381	0.437	HYID8086000|17731000	0.233	0.033	0.067	0.100	0.100	0.000	0.033	0.033	0.067	0.033	0.100	0.067	0.067	0.067	0.000	2	5	13	15	7	1	2	3	3	0	1	1	2	1	3	2	2	2	0
HYID8088000|17732500	0.180	0.176	0.009	0.636	HYID8088500|17730000	0.167	0.000	0.000	0.167	0.000	0.000	0.000	0.000	0.000	0.000	0.333	0.000	0.167	0.167	0.000	1	1	0	4	1	0	0	1	0	0	0	0	0	0	2	0	1	1	0
HYID8087000|17730500	0.034	0.275	0.118	0.573	HYID8087000|17732500	0.000	0.040	0.040	0.080	0.000	0.040	0.080	0.200	0.000	0.040	0.120	0.040	0.080	0.160	0.080	1	8	3	16	0	1	1	2	0	1	2	5	0	1	3	1	2	4	2
HYID8089000|17731000	0.057	0.411	0.080	0.452	HYID8089500|17731500	0.080	0.080	0.040	0.040	0.040	0.000	0.040	0.120	0.080	0.080	0.160	0.000	0.040	0.120	0.080	2	15	3	17	2	2	1	1	1	0	1	3	2	2	4	0	1	3	2
HYID8087500|17732000	0.430	0.314	0.013	0.243	HYID8087000|17733500	0.500	0.000	0.000	0.000	0.000	0.000	0.000	0.250	0.000	0.000	0.250	0.000	0.000	0.000	0.000	3	2	0	1	2	0	0	0	0	0	0	1	0	0	1	0	0	0	0
HYID8087500|17732500	0.039	0.395	0.354	0.211	HYID8088000|17732500	0.167	0.000	0.000	0.000	0.000	0.167	0.167	0.167	0.167	0.167	0.000	0.000	0.000	0.000	0.000	0	2	2	1	1	0	0	0	0	1	1	1	1	1	0	0	0	0	0
HYID8088000|17733000	0.039	0.033	0.665	0.263	HYID8088000|17732000	0.000	0.050	0.000	0.000	0.050	0.100	0.100	0.050	0.050	0.100	0.300	0.000	0.150	0.050	0.000	0	0	8	3	0	1	0	0	1	2	2	1	1	2	6	0	3	1	0
HYID8087000|17730000	0.537	0.146	0.130	0.187	HYID8089000|17731500	0.091	0.091	0.000	0.273	0.091	0.091	0.091	0.000	0.000	0.000	0.091	0.000	0.091	0.000	0.091	4	1	1	1	1	1	0	3	1	1	1	0	0	0	1	0	1	0	1
HYID8087500|17730500	0.690	0.201	0.094	0.014	HYID8087500|17730000	0.000	0.154	0.000	0.077	0.154	0.154	0.115	0.077	0.038	0.038	0.077	0.038	0.038	0.038	0.000	22	6	3	0	0	4	0	2	4	4	3	2	1	1	2	1	1	1	0
HYID8086000|17731000	0.378	0.270	0.241	0.111	HYID8088000|17730000	0.154	0.154	0.077	0.077	0.077	0.000	0.000	0.077	0.077	0.000	0.077	0.000	0.154	0.000	0.077	7	5	5	2	2	2	1	1	1	0	0	1	1	0	1	0	2	0	1
HYID8087000|17731000	0.170	0.208	0.613	0.009	HYID8088000|17732000	0.200	0.050	0.150	0.000	0.050	0.050	0.150	0.050	0.000	0.050	0.050	0.050	0.050	0.000	0.100	3	4	11	0	4	1	3	0	1	1	3	1	0	1	1	1	1	0	2
HYID8087500|17733500	0.061	0.706	0.133	0.099	HYID8086000|17730000	0.000	0.043	0.130	0.000	0.174	0.043	0.130	0.130	0.087	0.000	0.087	0.000	0.000	0.130	0.043	1	9	2	1	0	1	3	0	4	1	3	3	2	0	2	0	0	3	1
HYID8089000|17732500	0.309	0.034	0.293	0.365	HYID8087000|17730000	0.200	0.200	0.000	0.000	0.000	0.200	0.000	0.000	0.200	0.000	0.000	0.200	0.000	0.000	0.000	1	0	1	2	1	1	0	0	0	1	0	0	1	0	0	1	0	0	0
HYID8087500|17731000	0.199	0.080	0.234	0.487	HYID8088500|17730500	0.143	0.000	0.000	0.143	0.143	0.000	0.143	0.143	0.000	0.143	0.000	0.000	0.000	0.143	0.000	1	0	1	3	1	0	0	1	1	0	1	1	0	1	0	0	0	1	0
HYID8087000|17733500	0.502	0.001	0.185	0.312	HYID8088500|17733000	0.286	0.000	0.000	0.143	0.143	0.000	0.000	0.000	0.000	0.000	0.429	0.000	0.000	0.000	0.000	5	0	2	3	2	0	0	1	1	0	0	0	0	0	3	0	0	0	0
HYID8088500|17731500	0.023	0.331	0.573	0.072	HYID8087500|17731500	0.120	0.080	0.120	0.040	0.080	0.000	0.000	0.080	0.000	0.000	0.160	0.040	0.040	0.040	0.200	1	10	17	2	3	2	3	1	2	0	0	2	0	0	4	1	1	1	5
HYID8089000|17731500	0.251	0.662	0.072	0.014	HYID8087000|17732500	0.139	0.000	0.111	0.028	0.000	0.111	0.222	0.194	0.028	0.000	0.028	0.056	0.056	0.028	0.000	6	15	2	0	5	0	4	1	0	4	8	7	1	0	1	2	2	1	0
HYID8087000|17731500	0.171	0.409	0.027	0.393	HYID8086000|17731500	0.214	0.000	0.000	0.000	0.214	0.000	0.000	0.071	0.000	0.071	0.143	0.071	0.071	0.000	0.143	2	5	0	5	3	0	0	0	3	0	0	1	0	1	2	1	1	0	2
HYID8086000|17730500	0.280	0.374	0.192	0.153	HYID8087000|17730500	0.667	0.000	0.000	0.000	0.333	0.000	0.000	0.000	0.000	0.000	0.000	0.000	0.000	0.000	0.000	0	1	0	0	2	0	0	0	1	0	0	0	0	0	0	0	0	0	0
HYID8086000|17733500	0.072	0.450	0.085	0.393	HYID8089000|17731000	0.333	0.000	0.000	0.333	0.000	0.000	0.000	0.000	0.000	0.000	0.000	0.000	0.333	0.000	0.000	0	2	0	1	1	0	0	1	0	0	0	0	0	0	0	0	1	0	0
HYID8086000|17730000	0.063	0.045	0.717	0.176	HYID8088500|17730000	0.167	0.167	0.000	0.000	0.000	0.000	0.000	0.000	0.000	0.167	0.000	0.167	0.167	0.167	0.000	0	0	5	1	1	1	0	0	0	0	0	0	0	1	0	1	1	1	0
HYID8087000|17730500	0.225	0.293	0.402	0.081	HYID8089000|17732500	0.375	0.125	0.000	0.000	0.000	0.000	0.000	0.125	0.000	0.125	0.000	0.000	0.000	0.000	0.250	1	1	2	0	3	1	0	0	0	0	0	1	0	1	0	0	0	0	2
HYID8088500|17730500	0.264	0.412	0.054	0.270	HYID8087500|17730500	0.143	0.143	0.071	0.000	0.000	0.000	0.071	0.071	0.071	0.000	0.143	0.000	0.000	0.286	0.000	3	5	1	3	2	2	1	0	0	0	1	1	1	0	2	0	0	4	0
HYID8086000|17731000	0.279	0.344	0.177	0.200	HYID8089000|17731000	0.083	0.000	0.000	0.000	0.083	0.000	0.000	0.000	0.167	0.083	0.000	0.083	0.167	0.167	0.167	5	6	3	3	1	0	0	0	1	0	0	0	2	1	0	1	2	2	2
HYID8089500|17730000	0.111	0.080	0.520	0.290	HYID8087000|17733500	0.125	0.000	0.000	0.000	0.125	0.000	0.000	0.125	0.125	0.125	0.000	0.125	0.000	0.125	0.125	1	1	6	3	1	0	0	0	1	0	0	1	1	1	0	1	0	1	1
HYID8086500|17730000	0.030	0.244	0.504	0.222	HYID8087500|17732000	0.000	0.032	0.161	0.065	0.032	0.000	0.452	0.032	0.065	0.097	0.000	0.000	0.000	0.032	0.032	1	8	17	7	0	1	5	2	1	0	14	1	2	3	0	0	0	1	1
HYID8086000|17732500	0.354	0.202	0.274	0.170	HYID8087500|17731500	0.111	0.000	0.111	0.222	0.000	0.000	0.111	0.111	0.111	0.000	0.000	0.222	0.000	0.000	0.000	3	2	2	2	1	0	1	2	0	0	1	1	1	0	0	2	0	0	0
HYID8087000|17733500	0.213	0.307	0.324	0.157	HYID8086000|17732000	0.286	0.000	0.000	0.000	0.143	0.143	0.000	0.000	0.143	0.143	0.000	0.000	0.143	0.000	0.000	2	3	3	2	2	0	0	0	1	1	0	0	1	1	0	0	1	0	0
HYID8089500|17730000	0.129	0.090	0.627	0.155	HYID8089500|17732500	0.158	0.211	0.000	0.000	0.158	0.105	0.053	0.053	0.000	0.105	0.053	0.000	0.105	0.000	0.000	3	2	15	4	3	4	0	0	3	2	1	1	0	2	1	0	2	0	0
HYID8086500|17731000	0.195	0.517	0.075	0.213	HYID8089500|17730500	0.667	0.000	0.000	0.000	0.000	0.333	0.000	0.000	0.000	0.000	0.000	0.000	0.000	0.000	0.000	1	2	0	1	2	0	0	0	0	1	0	0	0	0	0	0	0	0	0
HYID8089000|17731500	0.219	0.453	0.002	0.326	HYID8089000|17732000	0.026	0.000	0.026	0.000	0.026	0.256	0.026	0.051	0.205	0.103	0.000	0.179	0.051	0.026	0.026	5	10	0	7	1	0	1	0	1	10	1	2	8	4	0	7	2	1	1
HYID8089500|17733000	0.084	0.547	0.067	0.301	HYID8088000|17733000	0.167	0.000	0.056	0.111	0.000	0.056	0.000	0.222	0.056	0.111	0.000	0.056	0.167	0.000	0.000	1	7	1	4	3	0	1	2	0	1	0	4	1	2	0	1	3	0	0
HYID8086500|17732500	0.244	0.236	0.222	0.298	HYID8087000|17732000	0.000	0.000	0.190	0.048	0.048	0.048	0.095	0.095	0.000	0.048	0.095	0.048	0.143	0.143	0.000	3	3	2	3	0	0	4	1	1	1	2	2	0	1	2	1	3	3	0
HYID8088500|17732500	0.392	0.295	0.198	0.115	HYID8087000|17731500	0.113	0.000	0.038	0.113	0.057	0.019	0.094	0.000	0.170	0.189	0.057	0.038	0.000	0.057	0.057	28	21	14	8	6	0	2	6	3	1	5	0	9	10	3	2	0	3	3
HYID8087000|17732000	0.298	0.032	0.205	0.466	HYID8086000|17730500	0.111	0.111	0.111	0.000	0.111	0.000	0.000	0.111	0.000	0.111	0.111	0.000	0.111	0.000	0.111	3	0	2	5	1	1	1	0	1	0	0	1	0	1	1	0	1	0	1
HYID8086500|17731500	0.207	0.351	0.024	0.418	HYID8089000|17730500	0.000	0.000	0.048	0.095	0.095	0.079	0.111	0.079	0.048	0.048	0.079	0.063	0.111	0.016	0.127	9	15	1	18	0	0	3	6	6	5	7	5	3	3	5	4	7	1	8
HYID8087500|17730500	0.106	0.080	0.182	0.633	HYID8086000|17733500	0.000	0.111	0.000	0.111	0.000	0.111	0.000	0.222	0.000	0.000	0.111	0.111	0.111	0.000	0.111	1	1	2	8	0	1	0	1	0	1	0	2	0	0	1	1	1	0	1
HYID8087500|17733000	0.120	0.257	0.612	0.010	HYID8086000|17732000	0.400	0.000	0.000	0.000	0.000	0.000	0.000	0.000	0.000	0.000	0.000	0.200	0.000	0.200	0.200	1	2	4	0	2	0	0	0	0	0	0	0	0	0	0	1	0	1	1
HYID8086000|17733000	0.139	0.120	0.282	0.459	HYID8087000|17731000	0.000	0.143	0.143	0.000	0.000	0.071	0.143	0.000	0.143	0.071	0.071	0.071	0.000	0.071	0.071	1	1	3	5	0	2	2	0	0	1	2	0	2	1	1	1	0	1	1
HYID8086500|17730000	0.111	0.443	0.328	0.117	HYID8086500|17731500	0.286	0.143	0.000	0.000	0.143	0.143	0.000	0.000	0.000	0.000	0.000	0.000	0.143	0.000	0.143	1	4	3	1	2	1	0	0	1	1	0	0	0	0	0	0	1	0	1
HYID8087000|17732500	0.363	0.167	0.011	0.459	HYID8087000|17732000	0.000	0.062	0.125	0.062	0.000	0.000	0.000	0.062	0.062	0.000	0.000	0.062	0.000	0.250	0.312	7	3	0	9	0	1	2	1	0	0	0	1	1	0	0	1	0	4	5
HYID8088500|17730000	0.691	0.059	0.224	0.026	HYID8086000|17732000	0.200	0.133	0.000	0.000	0.000	0.000	0.000	0.067	0.067	0.067	0.133	0.200	0.000	0.000	0.133	5	0	2	0	3	2	0	0	0	0	0	1	1	1	2	3	0	0	2
HYID8088000|17732500	0.556	0.419	0.024	0.001	HYID8086500|17732500	0.000	0.120	0.000	0.040	0.040	0.120	0.000	0.080	0.040	0.120	0.080	0.160	0.120	0.000	0.080	17	12	1	0	0	3	0	1	1	3	0	2	1	3	2	4	3	0	2
HYID8086500|17733000	0.040	0.385	0.504	0.071	HYID8089500|17730500	0.333	0.000	0.000	0.000	0.000	0.000	0.000	0.167	0.000	0.167	0.000	0.000	0.000	0.167	0.167	0	2	2	0	2	0	0	0	0	0	0	1	0	1	0	0	0	1	1
HYID8089500|17730000	0.330	0.377	0.205	0.088	HYID8089000|17732000	0.065	0.000	0.000	0.000	0.000	0.000	0.226	0.000	0.000	0.000	0.097	0.065	0.161	0.097	0.290	14	16	9	4	2	0	0	0	0	0	7	0	0	0	3	2	5	3	9
HYID8087000|17731500	0.106	0.435	0.366	0.093	HYID8087500|17731500	0.028	0.183	0.085	0.070	0.070	0.155	0.000	0.000	0.014	0.014	0.056	0.113	0.014	0.127	0.070	10	41	35	9	2	13	6	5	5	11	0	0	1	1	4	8	1	9	5
HYID8089500|17730000	0.917	0.019	0.012	0.052	HYID8086000|17733500	0.107	0.000	0.000	0.071	0.000	0.036	0.000	0.036	0.107	0.071	0.000	0.000	0.071	0.500	0.000	36	1	0	2	3	0	0	2	0	1	0	1	3	2	0	0	2	14	0
HYID8087000|17732000	0.862	0.083	0.049	0.007	HYID8086500|17730500	0.333	0.042	0.000	0.042	0.083	0.000	0.000	0.042	0.167	0.167	0.042	0.000	0.000	0.042	0.042	26	2	1	0	8	1	0	1	2	0	0	1	4	4	1	0	0	1	1
HYID8089500|17733000	0.003	0.187	0.102	0.709	HYID8086000|17730500	0.034	0.172	0.034	0.138	0.069	0.000	0.000	0.000	0.069	0.207	0.000	0.034	0.069	0.172	0.000	0	4	2	14	1	5	1	4	2	0	0	0	2	6	0	1	2	5	0
HYID8088000|17730000	0.078	0.153	0.575	0.194	HYID8087500|17731500	0.250	0.000	0.000	0.000	0.250	0.000	0.000	0.000	0.000	0.000	0.250	0.000	0.250	0.000	0.000	0	1	2	1	1	0	0	0	1	0	0	0	0	0	1	0	1	0	0
HYID8089500|17731000	0.212	0.555	0.182	0.051	HYID8089000|17731500	0.111	0.278	0.000	0.000	0.056	0.000	0.111	0.000	0.278	0.056	0.056	0.056	0.000	0.000	0.000	5	12	4	1	2	5	0	0	1	0	2	0	5	1	1	1	0	0	0
HYID8087000|17733500	0.097	0.038	0.074	0.791	HYID8086500|17732500	0.111	0.000	0.111	0.000	0.000	0.000	0.111	0.111	0.222	0.000	0.000	0.111	0.000	0.000	0.222	1	0	1	6	1	0	1	0	0	0	1	1	2	0	0	1	0	0	2
HYID8087000|17731000	0.336	0.076	0.214	0.374	HYID8086000|17731500	0.190	0.048	0.048	0.000	0.048	0.095	0.048	0.000	0.048	0.095	0.000	0.190	0.000	0.000	0.190	9	2	5	10	4	1	1	0	1	2	1	0	1	2	0	4	0	0	4
HYID8089500|17730000	0.109	0.162	0.017	0.712	HYID8089000|17733000	0.286	0.000	0.000	0.000	0.143	0.000	0.000	0.000	0.143	0.143	0.143	0.000	0.000	0.143	0.000	1	1	0	4	2	0	0	0	1	0	0	0	1	1	1	0	0	1	0
HYID8088500|17731500	0.213	0.120	0.180	0.487	HYID8088000|17731500	0.040	0.080	0.040	0.000	0.120	0.240	0.000	0.080	0.000	0.040	0.160	0.040	0.000	0.080	0.080	4	2	3	8	1	2	1	0	3	6	0	2	0	1	4	1	0	2	2
HYID8089000|17731500	0.282	0.034	0.318	0.366	HYID8089500|17730000	0.056	0.028	0.000	0.111	0.014	0.028	0.028	0.111	0.056	0.069	0.028	0.056	0.181	0.222	0.014	21	2	23	27	4	2	0	8	1	2	2	8	4	5	2	4	13	16	1
HYID8089500|17732000	0.273	0.009	0.477	0.241	HYID8089500|17730000	0.000	0.000	0.000	0.000	0.167	0.000	0.083	0.000	0.083	0.167	0.167	0.083	0.083	0.167	0.000	4	0	7	3	0	0	0	0	2	0	1	0	1	2	2	1	1	2	0
HYID8087000|17731000	0.515	0.272	0.069	0.143	HYID8087000|17733500	0.167	0.056	0.000	0.000	0.111	0.111	0.000	0.000	0.000	0.111	0.111	0.056	0.222	0.000	0.056	9	5	1	3	3	1	0	0	2	2	0	0	0	2	2	1	4	0	1
HYID8086500|17733500	0.045	0.387	0.259	0.309	HYID8086000|17730500	0.200	0.000	0.000	0.100	0.000	0.000	0.100	0.200	0.000	0.200	0.000	0.100	0.100	0.000	0.000	1	4	3	4	2	0	0	1	0	0	1	2	0	2	0	1	1	0	0
HYID8089500|17731500	0.097	0.340	0.148	0.416	HYID8086000|17733500	0.091	0.000	0.091	0.091	0.091	0.000	0.000	0.000	0.091	0.182	0.091	0.000	0.000	0.182	0.091	1	4	2	4	1	0	1	1	1	0	0	0	1	2	1	0	0	2	1
HYID8086500|17731000	0.019	0.747	0.000	0.233	HYID8086000|17731000	0.036	0.000	0.107	0.179	0.000	0.071	0.071	0.179	0.036	0.107	0.000	0.000	0.071	0.107	0.036	1	27	0	8	1	0	3	5	0	2	2	5	1	3	0	0	2	3	1
HYID8086500|17733500	0.121	0.264	0.143	0.472	HYID8088500|17730000	0.286	0.000	0.071	0.071	0.143	0.000	0.000	0.071	0.071	0.143	0.071	0.071	0.000	0.000	0.000	2	4	2	8	4	0	1	1	2	0	0	1	1	2	1	1	0	0	0
HYID8089500|17733000	0.154	0.251	0.141	0.454	HYID8087000|17731000	0.036	0.071	0.143	0.036	0.036	0.071	0.143	0.000	0.000	0.107	0.036	0.036	0.214	0.071	0.000	5	8	4	14	1	2	4	1	1	2	4	0	0	3	1	1	6	2	0
HYID8088500|17731500	0.493	0.225	0.211	0.071	HYID8088000|17732000	0.157	0.067	0.000	0.000	0.067	0.090	0.146	0.011	0.045	0.022	0.281	0.000	0.011	0.034	0.067	41	19	18	6	14	6	0	0	6	8	13	1	4	2	25	0	1	3	6
HYID8086500|17730000	0.296	0.165	0.115	0.424	HYID8086500|17731500	0.095	0.000	0.000	0.095	0.048	0.143	0.095	0.000	0.048	0.286	0.000	0.048	0.000	0.048	0.095	6	4	3	9	2	0	0	2	1	3	2	0	1	6	0	1	0	1	2
HYID8087500|17732000	0.044	0.372	0.396	0.188	HYID8089500|17732500	0.091	0.091	0.000	0.000	0.136	0.045	0.000	0.045	0.273	0.091	0.000	0.045	0.091	0.045	0.045	1	5	5	2	2	2	0	0	3	1	0	1	6	2	0	1	2	1	1
HYID8086500|17732000	0.022	0.698	0.010	0.270	HYID8088000|17732000	0.429	0.000	0.000	0.000	0.000	0.000	0.286	0.000	0.000	0.000	0.000	0.000	0.000	0.286	0.000	0	6	0	2	3	0	0	0	0	0	2	0	0	0	0	0	0	2	0
HYID8086000|17730500	0.145	0.067	0.686	0.103	HYID8086000|17731500	0.105	0.000	0.000	0.053	0.053	0.053	0.263	0.368	0.000	0.053	0.000	0.053	0.000	0.000	0.000	2	1	9	1	2	0	0	1	1	1	5	7	0	1	0	1	0	0	0
HYID8089000|17732000	0.285	0.350	0.226	0.138	HYID8089500|17732000	0.000	0.050	0.017	0.083	0.033	0.067	0.233	0.083	0.033	0.017	0.017	0.200	0.117	0.033	0.017	23	29	18	11	0	3	1	5	2	4	14	5	2	1	1	12	7	2	1
HYID8087000|17733000	0.036	0.811	0.066	0.087	HYID8087000|17733500	0.070	0.018	0.000	0.070	0.140	0.035	0.000	0.018	0.298	0.000	0.018	0.000	0.281	0.035	0.018	3	61	5	7	4	1	0	4	8	2	0	1	17	0	1	0	16	2	1
HYID8089000|17730000	0.210	0.131	0.354	0.306	HYID8086000|17731500	0.077	0.077	0.077	0.000	0.000	0.308	0.077	0.000	0.077	0.000	0.000	0.077	0.000	0.077	0.154	3	2	5	4	1	1	1	0	0	4	1	0	1	0	0	1	0	1	2
HYID8087500|17732500	0.193	0.485	0.278	0.044	HYID8086500|17730500	0.074	0.000	0.000	0.000	0.000	0.037	0.185	0.222	0.037	0.000	0.000	0.148	0.296	0.000	0.000	7	18	10	2	2	0	0	0	0	1	5	6	1	0	0	4	8	0	0
HYID8086000|17730500	0.339	0.246	0.014	0.400	HYID8086000|17731500	0.100	0.067	0.233	0.100	0.000	0.000	0.133	0.000	0.000	0.100	0.067	0.000	0.033	0.067	0.100	12	9	0	14	3	2	7	3	0	0	4	0	0	3	2	0	1	2	3
HYID8088000|17732500	0.137	0.194	0.026	0.643	HYID8087000|17733000	0.041	0.020	0.000	0.041	0.000	0.061	0.041	0.061	0.041	0.122	0.041	0.163	0.184	0.143	0.041	4	6	1	20	2	1	0	2	0	3	2	3	2	6	2	8	9	7	2
HYID8086500|17731500	0.138	0.260	0.308	0.294	HYID8088500|17730500	0.118	0.000	0.059	0.059	0.000	0.000	0.000	0.000	0.059	0.118	0.000	0.176	0.059	0.118	0.235	3	5	6	6	2	0	1	1	0	0	0	0	1	2	0	3	1	2	4
HYID8086000|17730000	0.173	0.034	0.717	0.076	HYID8086000|17733500	0.250	0.000	0.250	0.000	0.125	0.000	0.125	0.000	0.000	0.000	0.125	0.000	0.000	0.125	0.000	2	0	9	1	2	0	2	0	1	0	1	0	0	0	1	0	0	1	0
HYID8086500|17733500	0.151	0.538	0.231	0.080	HYID8087500|17732000	0.053	0.000	0.158	0.053	0.316	0.053	0.000	0.053	0.053	0.000	0.053	0.000	0.053	0.053	0.105	2	6	2	1	1	0	3	1	6	1	0	1	1	0	1	0	1	1	2
HYID8086500|17730500	0.111	0.281	0.436	0.173	HYID8088000|17732000	1.000	0.000	0.000	0.000	0.000	0.000	0.000	0.000	0.000	0.000	0.000	0.000	0.000	0.000	0.000	0	0	0	0	1	0	0	0	0	0	0	0	0	0	0	0	0	0	0
HYID8087500|17732000	0.529	0.120	0.161	0.190	HYID8087500|17731000	0.000	0.111	0.185	0.037	0.037	0.000	0.037	0.037	0.037	0.259	0.037	0.074	0.074	0.037	0.037	16	4	5	6	0	3	5	1	1	0	1	1	1	7	1	2	2	1	1
HYID8087000|17730500	0.261	0.041	0.223	0.475	HYID8089500|17733000	1.000	0.000	0.000	0.000	0.000	0.000	0.000	0.000	0.000	0.000	0.000	0.000	0.000	0.000	0.000	0	0	0	0	1	0	0	0	0	0	0	0	0	0	0	0	0	0	0
HYID8089500|17733000	0.846	0.034	0.106	0.014	HYID8087000|17730000	0.667	0.000	0.000	0.000	0.000	0.000	0.000	0.000	0.000	0.000	0.000	0.000	0.000	0.000	0.333	3	0	0	0	2	0	0	0	0	0	0	0	0	0	0	0	0	0	1
HYID8088000|17732500	0.383	0.069	0.113	0.435	HYID8086500|17731000	0.100	0.050	0.150	0.050	0.050	0.000	0.100	0.000	0.150	0.250	0.000	0.000	0.050	0.000	0.050	8	1	2	9	2	1	3	1	1	0	2	0	3	5	0	0	1	0	1
HYID8086000|17733000	0.167	0.215	0.105	0.513	HYID8086500|17731500	0.174	0.000	0.043	0.043	0.087	0.043	0.000	0.087	0.043	0.174	0.174	0.043	0.000	0.000	0.087	5	6	3	15	4	0	1	1	2	1	0	2	1	4	4	1	0	0	2
HYID8086500|17731500	0.547	0.311	0.042	0.100	HYID8088000|17731500	0.333	0.000	0.000	0.000	0.333	0.000	0.167	0.000	0.000	0.000	0.000	0.167	0.000	0.000	0.000	2	1	0	0	2	0	0	0	2	0	1	0	0	0	0	1	0	0	0
HYID8088000|17731500	0.031	0.447	0.251	0.271	HYID8088500|17731500	0.125	0.062	0.062	0.188	0.000	0.125	0.000	0.062	0.188	0.000	0.062	0.000	0.125	0.000	0.000	0	7	4	4	2	1	1	3	0	2	0	1	3	0	1	0	2	0	0
HYID8089000|17732000	0.689	0.172	0.006	0.134	HYID8086000|17730500	0.091	0.364	0.000	0.030	0.000	0.030	0.091	0.091	0.121	0.091	0.000	0.030	0.000	0.000	0.061	31	8	0	6	3	12	0	1	0	1	3	3	4	3	0	1	0	0	2
HYID8089500|17732500	0.230	0.397	0.310	0.063	HYID8088500|17730500	0.222	0.000	0.000	0.000	0.111	0.111	0.111	0.000	0.111	0.000	0.111	0.000	0.000	0.111	0.111	2	3	2	0	2	0	0	0	1	1	1	0	1	0	1	0	0	1	1
HYID8087000|17733000	0.328	0.079	0.070	0.523	HYID8088500|17730000	0.030	0.212	0.000	0.030	0.106	0.136	0.015	0.015	0.030	0.212	0.030	0.000	0.045	0.121	0.015	22	5	5	35	2	14	0	2	7	9	1	1	2	14	2	0	3	8	1
HYID8086500|17730000	0.275	0.092	0.224	0.409	HYID8087000|17732000	0.214	0.000	0.000	0.000	0.071	0.000	0.071	0.000	0.071	0.071	0.000	0.000	0.143	0.214	0.143	2	1	2	3	3	0	0	0	1	0	1	0	1	1	0	0	2	3	2
HYID8089500|17732000	0.047	0.144	0.312	0.497	HYID8088500|17731000	0.000	0.087	0.043	0.087	0.174	0.130	0.217	0.000	0.000	0.087	0.000	0.043	0.087	0.000	0.043	1	2	5	8	0	2	1	2	4	3	5	0	0	2	0	1	2	0	1
HYID8089000|17730000	0.019	0.510	0.053	0.418	HYID8086500|17732000	0.244	0.220	0.073	0.000	0.195	0.024	0.000	0.000	0.049	0.000	0.024	0.049	0.049	0.049	0.024	1	20	2	17	10	9	3	0	8	1	0	0	2	0	1	2	2	2	1
HYID8086500|17731000	0.223	0.260	0.395	0.122	HYID8087500|17732000	0.000	0.000	0.053	0.105	0.000	0.000	0.158	0.053	0.053	0.000	0.053	0.421	0.053	0.000	0.053	4	4	7	2	0	0	1	2	0	0	3	1	1	0	1	8	1	0	1
HYID8086500|17733000	0.062	0.018	0.595	0.324	HYID8087000|17732500	0.273	0.091	0.000	0.000	0.182	0.000	0.091	0.000	0.000	0.000	0.091	0.091	0.000	0.091	0.091	1	0	8	4	3	1	0	0	2	0	1	0	0	0	1	1	0	1	1
HYID8089500|17730500	0.028	0.111	0.848	0.013	HYID8086000|17732000	0.111	0.000	0.111	0.111	0.111	0.333	0.000	0.000	0.111	0.000	0.000	0.000	0.111	0.000	0.000	0	1	8	0	1	0	1	1	1	3	0	0	1	0	0	0	1	0	0
HYID8089500|17732500	0.493	0.145	0.204	0.158	HYID8089000|17732000	0.087	0.043	0.000	0.087	0.000	0.130	0.043	0.000	0.087	0.043	0.000	0.043	0.087	0.348	0.000	16	5	6	5	2	1	0	2	0	3	1	0	2	1	0	1	2	8	0
HYID8087500|17731500	0.347	0.462	0.034	0.156	HYID8087500|17732000	0.111	0.000	0.111	0.000	0.000	0.111	0.333	0.111	0.000	0.000	0.111	0.000	0.000	0.000	0.111	4	6	0	2	1	0	1	0	0	1	3	1	0	0	1	0	0	0	1
HYID8088500|17730500	0.372	0.192	0.245	0.191	HYID8089500|17732000	0.250	0.083	0.000	0.250	0.000	0.083	0.167	0.000	0.000	0.000	0.000	0.083	0.000	0.083	0.000	3	2	2	2	3	1	0	3	0	1	2	0	0	0	0	1	0	1	0
HYID8088000|17731000	0.163	0.274	0.108	0.454	HYID8088000|17732000	0.091	0.091	0.000	0.364	0.000	0.091	0.000	0.000	0.091	0.000	0.091	0.000	0.000	0.182	0.000	1	2	1	3	1	1	0	4	0	1	0	0	1	0	1	0	0	2	0
HYID8089500|17731500	0.539	0.053	0.342	0.065	HYID8087000|17731000	0.000	0.154	0.077	0.038	0.308	0.000	0.038	0.000	0.077	0.192	0.000	0.038	0.038	0.000	0.038	19	2	12	2	0	4	2	1	8	0	1	0	2	5	0	1	1	0	1
HYID8088500|17732500	0.182	0.071	0.625	0.122	HYID8089000|17730500	0.143	0.143	0.000	0.000	0.000	0.000	0.000	0.143	0.143	0.000	0.214	0.071	0.071	0.000	0.071	2	1	7	1	2	2	0	0	0	0	0	2	2	0	3	1	1	0	1
HYID8088000|17732000	0.013	0.273	0.625	0.089	HYID8089500|17732500	0.154	0.000	0.154	0.077	0.077	0.000	0.077	0.077	0.077	0.154	0.000	0.077	0.000	0.077	0.000	0	3	7	1	2	0	2	1	1	0	1	1	1	2	0	1	0	1	0
HYID8089500|17733000	0.320	0.027	0.518	0.135	HYID8088000|17731000	0.167	0.000	0.000	0.000	0.000	0.000	0.333	0.000	0.000	0.000	0.000	0.333	0.083	0.083	0.000	3	0	4	1	2	0	0	0	0	0	4	0	0	0	0	4	1	1	0
HYID8088000|17733000	0.005	0.146	0.294	0.554	HYID8086000|17732000	0.250	0.000	0.000	0.125	0.000	0.062	0.125	0.000	0.062	0.000	0.062	0.000	0.062	0.000	0.250	0	3	6	11	4	0	0	2	0	1	2	0	1	0	1	0	1	0	4
HYID8088500|17732500	0.077	0.572	0.267	0.084	HYID8087500|17730500	0.000	0.182	0.000	0.000	0.136	0.000	0.091	0.091	0.227	0.045	0.136	0.045	0.000	0.000	0.045	1	10	5	1	0	4	0	0	3	0	2	2	5	1	3	1	0	0	1
HYID8088000|17732000	0.263	0.368	0.323	0.047	HYID8086500|17731500	0.286	0.143	0.143	0.000	0.000	0.000	0.000	0.000	0.000	0.000	0.143	0.143	0.143	0.000	0.000	1	2	2	0	2	1	1	0	0	0	0	0	0	0	1	1	1	0	0
HYID8086500|17731000	0.761	0.206	0.032	0.001	HYID8089500|17731500	0.200	0.000	0.200	0.000	0.200	0.000	0.000	0.000	0.200	0.000	0.200	0.000	0.000	0.000	0.000	4	1	0	0	1	0	1	0	1	0	0	0	1	0	1	0	0	0	0
HYID8086000|17731500	0.074	0.253	0.608	0.065	HYID8088500|17732000	0.033	0.000	0.033	0.133	0.033	0.133	0.067	0.000	0.033	0.067	0.033	0.000	0.300	0.000	0.133	3	10	23	2	1	0	1	4	1	4	2	0	1	2	1	0	9	0	4
HYID8089500|17730000	0.390	0.004	0.192	0.413	HYID8089500|17731500	0.000	0.000	0.000	0.000	0.250	0.083	0.083	0.000	0.000	0.083	0.083	0.083	0.083	0.250	0.000	4	0	2	4	0	0	0	0	3	1	1	0	0	1	1	1	1	3	0
HYID8089000|17731000	0.612	0.101	0.084	0.203	HYID8088500|17731000	0.333	0.000	0.000	0.111	0.000	0.111	0.111	0.111	0.111	0.111	0.000	0.000	0.000	0.000	0.000	7	1	1	2	3	0	0	1	0	1	1	1	1	1	0	0	0	0	0
HYID8089500|17733000	0.481	0.120	0.242	0.157	HYID8086500|17733500	0.125	0.125	0.062	0.000	0.000	0.188	0.062	0.000	0.062	0.000	0.000	0.062	0.188	0.062	0.062	7	2	4	2	2	2	1	0	0	3	1	0	1	0	0	1	3	1	1
HYID8086500|17731500	0.153	0.042	0.406	0.399	HYID8089000|17731500	0.111	0.056	0.000	0.000	0.056	0.111	0.000	0.056	0.000	0.111	0.056	0.111	0.278	0.056	0.000	2	1	7	6	2	1	0	0	1	2	0	1	0	2	1	2	5	1	0
